precinctid,no,under_vote,precincts,ballots_cast,over_vote,registration,yes
1101,89,40,1,446,0,586,313
1102,173,82,1,810,0,996,552
1103,148,73,1,781,0,971,557
1104,150,82,1,763,0,991,534
1106,134,56,1,600,0,808,403
1107,108,49,1,506,0,781,342
1108,128,83,1,744,0,951,530
1109,142,62,1,617,0,809,409
1111,163,66,1,717,0,1031,480
1112,100,70,1,557,0,765,380
1113,128,54,1,547,0,713,356
1114,128,108,1,741,1,971,504
1115,176,82,1,746,1,910,485
1116,113,81,1,636,0,913,437
1117,117,67,1,644,0,886,452
1118,139,78,1,776,0,1031,553
1119,104,65,1,587,0,783,413
1121,138,53,1,525,1,691,334
1122,114,58,1,482,0,658,306
1123,96,62,1,646,0,954,486
1124,99,59,1,556,0,831,392
1125,142,98,1,745,0,1029,500
1126,141,75,1,701,0,954,475
1127,163,79,1,685,0,911,446
1128,140,90,1,686,0,907,448
1129,144,79,1,703,1,951,479
1131,125,81,1,574,0,853,365
1132,155,83,1,721,0,982,474
1133,124,65,1,661,0,870,464
1134,115,62,1,593,1,793,412
1135,104,32,1,421,0,521,284
1136,157,85,1,669,0,857,423
1141,146,68,1,812,1,1047,594
1142,126,77,1,667,0,858,452
1143,143,78,1,801,0,1056,574
1144,155,79,1,713,1,928,478
1145,128,75,1,753,1,931,540
1146,130,85,1,791,1,1036,574
1147,121,69,1,734,0,927,540
1148,163,83,1,727,0,992,478
1149,171,72,1,747,0,950,501
1151,0,0,1,0,0,0,0
1152,144,67,1,671,0,898,461
1153,152,79,1,749,0,961,508
1154,0,0,1,0,0,0,0
7001,74,53,1,559,0,742,430
7002,207,130,1,997,0,1225,659
7003,130,80,1,834,0,927,621
7004,126,94,1,808,0,896,578
7005,106,85,1,755,0,853,557
7006,96,86,1,799,0,966,614
7007,135,92,1,870,0,987,633
7008,149,74,1,820,0,882,589
7009,120,76,1,750,1,931,548
7011,74,70,1,621,1,1063,472
7012,140,99,1,925,0,1034,680
7013,93,86,1,640,1,733,456
7014,140,109,1,928,0,1073,674
7015,7,9,1,81,0,113,64
7016,79,81,1,593,1,977,431
7017,51,50,1,469,0,786,369
7018,155,65,1,672,0,992,449
7019,128,70,1,696,1,945,495
7021,75,66,1,631,0,993,485
7022,72,59,1,667,0,1032,526
7023,80,67,1,671,0,938,514
7024,9,9,1,119,0,309,100
7025,11,34,1,266,0,505,220
7026,186,83,1,700,0,1022,420
7027,109,57,1,577,0,879,407
7028,53,62,1,544,0,900,429
7029,44,64,1,525,0,924,414
7030,197,58,1,558,0,787,301
7031,81,44,1,392,0,511,261
7032,84,77,1,589,2,938,419
7033,69,74,1,546,0,814,404
7034,23,64,1,515,0,954,428
7035,47,50,1,341,0,476,243
7036,103,67,1,596,1,967,425
7037,22,59,1,379,1,840,296
7038,127,66,1,595,0,960,404
7039,153,72,1,625,0,831,399
7041,12,6,1,42,0,62,25
7042,95,62,1,514,0,697,355
7043,93,61,1,640,0,990,481
7044,50,51,1,415,0,867,314
7045,132,55,1,531,0,803,337
7046,79,30,1,319,0,435,208
7047,142,65,1,602,0,858,388
7048,101,50,1,518,0,877,363
7049,133,77,1,534,0,829,321
7051,145,69,1,612,0,909,393
7052,190,76,1,675,0,894,407
7053,112,60,1,462,0,552,278
7054,87,61,1,683,0,1068,532
7101,18,16,1,126,0,150,91
7201,159,132,1,868,0,983,567
7202,172,97,1,752,1,885,472
7203,155,137,1,840,1,950,535
7204,162,132,1,833,1,933,528
7205,177,92,1,815,2,903,538
7206,72,51,1,340,0,390,217
7207,103,104,1,595,0,712,383
7208,71,94,1,539,0,635,364
7209,63,50,1,491,0,563,372
7301,137,118,1,813,1,1080,557
7302,171,103,1,732,0,862,453
7303,132,130,1,851,0,1032,588
7304,155,126,1,828,0,993,546
7305,155,103,1,772,0,906,503
7306,164,131,1,882,2,1076,558
7307,105,96,1,674,0,826,464
7308,101,71,1,548,0,641,374
7309,117,129,1,764,0,897,508
7311,119,152,1,853,0,986,573
7312,189,112,1,768,1,874,463
7313,136,121,1,798,0,1001,533
7314,92,104,1,511,1,833,306
7315,81,108,1,597,0,783,400
7316,108,95,1,661,1,893,454
7317,151,92,1,743,0,938,491
7318,135,133,1,689,0,788,411
7319,174,149,1,908,0,1123,573
7321,111,84,1,493,0,683,293
7322,87,118,1,526,0,937,317
7323,136,113,1,727,0,888,464
7324,94,105,1,601,0,756,395
7325,119,125,1,792,0,973,537
7326,101,116,1,749,0,922,519
7327,83,89,1,434,0,762,262
7328,92,155,1,617,0,1024,373
7329,113,59,1,454,0,607,280
7331,164,118,1,793,0,933,500
7332,95,100,1,718,0,889,515
7333,134,157,1,888,0,1101,586
7334,111,125,1,774,0,963,526
7335,165,134,1,894,0,1002,585
7336,170,148,1,883,0,1017,557
7337,136,119,1,755,0,944,496
7338,135,137,1,695,0,1005,417
7339,61,54,1,495,0,660,375
7341,108,124,1,765,0,974,524
7342,99,100,1,791,0,1034,585
7343,58,100,1,618,0,746,455
7344,147,134,1,916,0,1143,629
7345,87,147,1,891,0,1186,646
7346,67,108,1,762,0,991,581
7347,69,122,1,841,0,1085,635
7348,80,97,1,647,0,957,464
7349,116,116,1,771,1,1006,529
7501,105,69,1,522,0,574,341
7502,119,108,1,694,0,808,460
7503,99,114,1,688,0,808,471
7504,45,66,1,420,1,503,300
7505,87,113,1,762,1,915,549
7506,95,117,1,798,0,1018,572
7507,91,72,1,631,0,992,466
7508,99,72,1,606,1,735,430
7509,107,113,1,825,0,1006,595
7512,77,76,1,493,1,638,335
7513,67,100,1,601,1,836,433
7514,43,90,1,544,0,886,407
7515,98,88,1,710,0,898,518
7516,106,101,1,759,0,907,547
7517,73,92,1,826,0,956,653
7518,86,84,1,858,0,993,683
7519,63,84,1,676,1,802,520
7521,61,73,1,726,0,854,584
7522,63,77,1,742,1,848,596
7523,51,57,1,689,1,821,578
7524,53,72,1,532,0,728,404
7525,34,83,1,636,1,870,508
7526,86,119,1,858,0,999,648
7527,76,68,1,624,0,773,468
7529,70,97,1,860,0,992,690
7531,81,95,1,805,0,954,626
7532,100,106,1,741,0,886,534
7533,86,110,1,910,1,1025,704
7534,88,80,1,775,0,967,606
7535,65,66,1,711,0,807,575
7536,66,81,1,775,0,895,620
7537,73,68,1,664,0,783,518
7538,65,76,1,736,0,831,590
7539,67,77,1,821,1,978,672
7541,58,71,1,728,0,865,596
7542,65,71,1,756,0,906,617
7543,78,69,1,806,0,993,653
7544,85,98,1,821,0,962,635
7545,88,111,1,833,0,970,629
7546,71,87,1,817,0,935,654
7547,59,109,1,837,0,1057,659
7548,93,106,1,894,0,1135,690
7549,88,77,1,734,0,854,561
7551,61,79,1,669,0,762,525
7552,68,66,1,678,2,756,533
7553,26,24,1,168,0,187,114
7554,96,74,1,769,0,859,591
7555,110,103,1,846,0,893,626
7556,116,91,1,906,0,1008,690
7601,61,91,1,588,0,929,429
7602,61,89,1,689,0,962,535
7603,62,83,1,690,0,888,540
7604,69,83,1,677,0,989,517
7605,42,65,1,428,0,771,318
7606,62,88,1,640,1,992,483
7607,66,92,1,710,0,1055,543
7608,36,51,1,244,0,456,156
7609,58,106,1,551,0,1051,382
7611,36,97,1,479,0,898,343
7612,73,60,1,418,0,668,280
7613,43,93,1,617,0,1015,476
7614,67,115,1,793,1,1177,606
7615,38,82,1,528,0,1020,402
7616,118,109,1,807,0,981,573
7617,68,80,1,516,0,898,358
7618,108,82,1,689,0,948,498
7619,199,225,1,1485,0,1971,1060
7621,99,115,1,800,0,1082,581
7622,45,83,1,534,0,1007,399
7623,41,61,1,467,0,839,358
7624,61,75,1,565,0,1074,424
7625,113,95,1,617,0,896,402
7626,198,153,1,1011,1,1177,652
7627,272,199,1,1326,0,1586,839
7628,100,90,1,720,0,1006,527
7629,77,69,1,577,0,837,423
7631,147,132,1,915,0,1143,634
7632,55,55,1,532,0,727,419
7633,85,94,1,574,0,731,394
7634,119,102,1,706,1,1017,483
7635,94,90,1,643,1,868,455
7636,151,105,1,784,0,993,525
7637,247,195,1,1151,0,1361,701
7638,317,183,1,1135,1,1285,618
7639,217,136,1,891,1,1011,522
7641,181,84,1,795,0,977,520
7642,112,184,1,810,0,967,502
7643,164,124,1,758,1,959,465
7644,160,149,1,925,0,1111,607
7645,120,90,1,587,0,669,369
7646,304,266,1,1893,1,2163,1301
7647,44,77,1,598,0,1028,473
7648,0,0,1,3,0,4,3
7701,129,110,1,914,0,1049,668
7702,147,78,1,663,0,775,434
7703,6,25,1,100,0,178,65
7704,214,93,1,881,0,1006,567
7705,148,44,1,495,1,554,300
7706,185,67,1,773,0,853,520
7707,172,78,1,784,0,854,528
7708,159,72,1,783,0,894,540
7709,61,30,1,354,0,390,259
7711,126,61,1,685,0,789,493
7712,79,50,1,518,1,577,381
7801,146,74,1,964,0,975,738
7802,100,74,1,723,1,760,543
7803,127,63,1,774,0,827,578
7804,139,86,1,876,1,932,646
7805,98,73,1,761,0,852,588
7806,65,55,1,663,0,746,537
7807,70,49,1,671,0,774,550
7808,57,71,1,578,0,702,448
7809,114,122,1,1091,0,1234,847
7811,63,63,1,696,0,806,564
7812,100,78,1,752,1,892,572
7813,90,110,1,943,0,1061,734
7814,65,70,1,667,1,919,528
7815,124,80,1,879,0,967,671
7816,120,65,1,823,0,896,635
7817,68,66,1,711,0,804,573
7818,86,62,1,787,0,889,636
7819,96,84,1,682,0,809,496
7821,144,75,1,916,1,998,692
7822,98,75,1,776,0,951,602
7823,100,67,1,806,0,928,636
7824,90,57,1,665,0,794,513
7825,50,36,1,521,0,578,435
7826,60,54,1,633,0,709,516
7827,66,85,1,758,0,931,600
7828,151,91,1,924,0,1053,678
7829,139,74,1,841,0,904,624
7831,100,65,1,803,0,906,635
7832,94,78,1,759,0,824,584
7833,78,68,1,710,1,785,556
7834,65,66,1,775,1,901,635
7835,104,56,1,785,0,863,616
7836,136,84,1,903,0,990,681
7837,116,103,1,840,1,934,614
7838,145,67,1,839,0,933,628
7839,114,80,1,785,0,869,581
7841,104,69,1,839,0,947,658
7842,87,78,1,864,0,960,691
7843,70,54,1,679,0,802,551
7844,60,51,1,594,0,682,478
7845,98,70,1,783,0,869,611
7846,111,82,1,814,0,925,611
7847,102,82,1,843,1,960,653
7848,104,73,1,818,0,905,638
7849,112,73,1,864,0,967,678
7851,114,46,1,472,0,528,310
7852,130,51,1,584,0,644,399
7853,127,70,1,770,0,896,566
7854,132,79,1,825,0,933,607
7855,103,90,1,870,0,968,669
7856,89,77,1,769,0,849,597
7857,102,66,1,854,0,963,680
7858,70,63,1,674,0,791,537
7859,134,83,1,834,1,915,615
7861,113,81,1,776,0,881,565
7862,117,72,1,815,0,923,623
7863,115,75,1,819,0,939,623
7864,103,63,1,703,0,815,536
7865,105,76,1,754,0,853,563
7866,158,80,1,746,0,831,504
7867,117,54,1,822,1,946,648
7868,114,61,1,764,0,901,579
7869,118,55,1,789,0,874,614
7871,123,54,1,804,1,909,624
7872,117,61,1,819,0,902,639
7873,105,64,1,788,0,874,617
7874,60,30,1,408,0,482,319
7875,72,39,1,525,0,628,407
7901,92,104,1,952,0,1286,753
7902,72,92,1,842,0,1064,666
7903,45,86,1,652,0,929,515
7904,72,77,1,694,1,926,539
7905,84,62,1,718,0,851,571
7906,54,72,1,653,1,854,523
7907,78,87,1,834,1,991,658
7908,84,109,1,872,0,1008,677
7909,60,74,1,644,0,787,509
7911,66,67,1,734,0,907,599
7912,70,101,1,874,0,1090,692
7913,71,76,1,800,0,964,649
7914,54,77,1,752,0,895,618
7915,72,59,1,716,0,892,584
7916,42,73,1,768,0,953,651
7917,52,79,1,868,0,1073,730
7918,56,57,1,697,0,860,581
7919,62,66,1,767,0,928,638
7921,67,55,1,694,0,970,570
7922,62,78,1,705,0,884,559
7923,55,63,1,689,0,930,573
7924,76,63,1,696,0,883,556
7925,32,49,1,483,0,591,398
7926,51,59,1,695,0,820,577
7927,82,53,1,688,0,782,550
7928,106,67,1,849,0,976,668
7929,94,42,1,780,0,871,638
7931,88,46,1,687,0,765,548
7932,56,43,1,482,0,557,393
7933,2,1,1,7,0,8,4
7934,56,64,1,772,0,888,649
7935,95,59,1,851,0,949,693
7936,75,50,1,764,0,876,632
7937,84,55,1,780,0,909,632
7938,60,49,1,636,0,808,523
7939,45,45,1,593,0,674,497
7941,70,58,1,655,0,790,524
7942,104,64,1,769,1,950,590
7943,124,74,1,780,1,938,575
7944,87,63,1,692,0,830,541
7945,79,74,1,663,1,926,506
7946,185,68,1,716,1,976,458
7947,184,72,1,717,0,964,456
7948,158,74,1,721,0,933,483
7949,124,47,1,433,0,594,259
7951,142,87,1,645,1,841,412
7952,150,51,1,651,1,865,440
7953,142,68,1,677,0,853,468
7954,0,0,1,0,0,0,0
7955,153,77,1,684,0,899,445
7956,120,85,1,579,0,779,372
7957,103,54,1,524,0,664,366
7958,52,22,1,199,0,291,123
9001,35,8,1,197,0,269,154
9101,142,84,1,740,0,899,505
9102,140,108,1,817,0,989,559
9103,179,87,1,786,0,971,514
9104,137,89,1,795,0,1004,560
9105,154,94,1,817,0,975,563
9106,128,102,1,819,0,938,579
9107,113,86,1,679,0,859,472
9108,104,85,1,691,0,815,498
9109,137,75,1,749,0,875,532
9111,101,89,1,637,0,785,440
9112,132,102,1,804,0,975,568
9113,150,91,1,853,0,1008,603
9114,114,102,1,749,0,913,529
9115,104,100,1,761,0,948,549
9116,124,85,1,811,0,986,590
9117,138,67,1,670,0,785,463
9118,157,105,1,780,0,987,511
9119,139,92,1,744,0,911,511
9121,136,97,1,758,0,950,517
9122,166,108,1,769,0,976,490
9123,136,97,1,740,1,902,501
9124,131,91,1,730,1,940,501
9125,122,102,1,740,0,911,509
9126,181,108,1,820,1,978,528
9127,144,108,1,819,0,985,562
9128,142,84,1,727,1,859,494
9129,107,74,1,621,0,772,435
9131,106,82,1,661,0,806,468
9132,99,97,1,701,0,898,503
9133,146,97,1,888,0,1083,640
9134,130,115,1,767,0,937,511
9135,145,82,1,652,0,831,420
9136,144,87,1,788,0,952,553
9137,153,95,1,785,1,977,524
9138,182,76,1,771,0,930,508
9139,199,91,1,831,0,1004,530
9141,163,81,1,794,0,963,546
9142,97,106,1,843,0,1003,632
9143,137,90,1,747,0,921,509
9144,146,95,1,832,1,983,583
9145,139,87,1,753,0,889,519
9146,107,102,1,799,0,929,587
9147,134,102,1,818,0,983,576
9148,124,98,1,869,0,1007,639
9149,138,103,1,842,0,976,597
9151,133,95,1,704,1,858,464
9152,55,98,1,636,0,842,479
9201,113,88,1,893,1,1047,688
9202,121,111,1,806,0,962,568
9203,222,138,1,857,0,1006,489
9204,188,111,1,733,0,849,428
9205,118,111,1,652,0,760,418
9206,242,127,1,822,0,960,447
9207,208,122,1,845,0,980,504
9208,209,148,1,897,1,1028,530
9209,181,98,1,646,0,750,357
9211,172,150,1,778,0,910,448
9212,176,107,1,746,0,857,453
9213,182,141,1,853,0,987,525
9214,141,74,1,539,0,632,322
9215,159,71,1,566,0,645,330
9216,146,134,1,726,0,861,434
9217,120,116,1,662,0,761,418
9218,167,120,1,730,0,868,435
9219,120,133,1,719,0,829,461
9221,204,72,1,637,0,662,358
9222,189,108,1,811,0,889,500
9223,127,91,1,573,0,664,350
9224,214,124,1,863,1,993,514
9225,169,175,1,926,0,994,568
9226,170,125,1,833,1,960,526
9227,166,70,1,665,0,759,421
9228,163,69,1,651,1,725,416
9229,119,62,1,555,0,615,371
9231,148,97,1,869,1,1006,614
9232,148,86,1,695,2,746,450
9233,173,90,1,736,0,816,469
9234,147,86,1,664,2,759,414
9235,185,119,1,818,0,907,505
9236,129,86,1,600,0,682,375
9237,194,113,1,824,0,941,509
9238,193,108,1,809,0,846,497
9239,171,138,1,838,0,885,522
9241,180,133,1,894,0,1027,571
9242,191,127,1,885,0,1023,564
9243,111,75,1,555,0,611,362
9244,128,143,1,824,0,940,547
9245,110,91,1,627,0,725,418
9246,173,125,1,842,0,964,534
9247,153,126,1,885,0,1004,595
9248,126,119,1,846,1,955,591
9249,138,107,1,807,0,926,549
9251,182,102,1,871,1,982,581
9252,173,84,1,837,0,943,568
9253,122,100,1,709,0,808,476
9254,141,119,1,871,0,951,605
9255,87,79,1,518,0,577,347
9256,45,50,1,342,0,403,246
9257,28,39,1,287,0,339,213
9258,97,65,1,645,1,715,478
9401,104,96,1,815,1,1014,611
9402,152,87,1,816,0,1028,567
9403,147,86,1,739,0,933,498
9404,132,77,1,744,0,921,531
9405,165,79,1,699,0,818,446
9406,148,85,1,791,0,916,553
9407,119,89,1,728,0,941,512
9408,80,94,1,704,1,879,527
9409,68,66,1,524,0,626,391
9411,99,91,1,840,0,1051,637
9412,172,83,1,703,0,885,448
9413,162,88,1,742,1,907,485
9414,156,96,1,740,0,894,483
9415,164,63,1,637,0,798,405
9416,166,93,1,806,0,1018,539
9417,173,56,1,604,0,759,369
9418,173,75,1,642,0,814,388
9419,200,95,1,708,0,902,409
9421,212,103,1,732,1,929,414
9422,199,105,1,887,1,1082,576
9423,150,94,1,718,0,909,471
9424,211,61,1,756,0,951,476
9425,186,100,1,748,0,964,458
9426,188,78,1,663,1,835,391
9427,207,96,1,733,0,963,425
9428,184,75,1,754,0,963,492
9429,200,81,1,707,0,909,421
9431,224,89,1,821,0,1024,497
9432,176,103,1,718,0,913,433
9433,210,111,1,759,0,973,435
9434,167,84,1,803,0,997,544
9435,216,91,1,765,1,969,445
9436,207,121,1,783,0,994,445
9437,188,82,1,713,0,954,436
9438,218,101,1,791,1,1000,467
9439,180,95,1,690,0,903,413
9441,212,73,1,800,0,1004,510
9442,173,104,1,809,0,1027,525
9443,166,81,1,748,0,937,495
9444,175,108,1,720,0,955,429
9445,186,83,1,751,0,993,475
9446,230,96,1,912,0,1084,582
9447,192,82,1,761,0,954,482
9448,181,90,1,728,0,950,452
9449,189,85,1,639,0,820,360
9451,117,36,1,370,0,438,213
9452,188,79,1,701,0,829,430
9453,108,45,1,415,0,502,258
9501,15,17,1,131,0,153,97
9502,19,28,1,209,0,233,160
9503,77,114,1,674,0,822,468
9505,74,74,1,617,0,804,465
9506,52,69,1,602,0,810,479
9507,52,62,1,638,0,783,520
9508,54,82,1,720,0,862,582
9509,73,74,1,661,0,758,508
9511,57,70,1,529,1,630,397
9512,76,66,1,709,0,848,562
9513,53,81,1,766,0,952,629
9514,86,111,1,832,0,959,633
9515,88,68,1,646,0,748,485
9516,113,100,1,763,0,922,543
9517,64,93,1,713,0,854,550
9518,60,80,1,707,0,826,556
9519,91,81,1,790,0,922,612
9521,89,94,1,827,0,947,631
9701,105,73,1,571,0,664,387
9702,87,72,1,640,1,760,474
9703,218,89,1,818,0,989,504
9704,163,95,1,836,1,971,573
9705,116,101,1,836,1,954,610
9706,9,7,1,54,0,54,37
9707,177,68,1,679,1,805,433
9708,142,104,1,829,0,956,572
9709,209,98,1,848,0,1029,535
9711,138,61,1,572,0,643,366
9712,163,58,1,593,0,656,365
9713,200,93,1,782,0,974,484
9714,235,91,1,825,0,941,494
9715,138,58,1,521,0,580,319
9716,196,86,1,791,0,975,507
9717,221,85,1,837,0,993,528
9718,196,63,1,755,0,859,492
9719,189,67,1,755,2,880,494
9721,143,50,1,575,0,657,380
9722,141,65,1,543,0,634,329
9723,146,46,1,396,0,478,203
9724,274,100,1,824,0,978,441
9725,249,111,1,783,0,985,429
9726,79,95,1,606,0,782,424
9727,121,39,1,396,0,454,233
9728,251,81,1,805,1,937,468
9729,227,80,1,708,0,802,393
9731,161,45,1,485,0,548,277
9732,15,3,1,71,0,76,53
9733,34,24,1,204,0,221,150
9734,145,55,1,535,0,603,322
9735,194,75,1,699,0,807,423
9736,159,55,1,651,0,729,432
9737,155,57,1,715,0,782,503
9738,102,90,1,680,0,850,479
9739,56,89,1,681,0,912,538
9741,32,171,1,679,0,1064,477
9742,157,69,1,530,0,669,302
9743,118,111,1,907,1,1159,671
9744,85,116,1,763,1,968,552
9745,87,96,1,762,1,1052,574
9746,184,82,1,783,1,903,509
9747,152,91,1,797,0,989,553
9748,162,89,1,809,0,981,553
9749,124,78,1,686,0,969,479
9751,199,94,1,908,2,1011,599
9752,141,46,1,626,0,721,433
9753,121,49,1,636,0,777,469
9754,114,49,1,648,0,744,474
9755,103,35,1,492,0,605,353
9756,185,83,1,784,0,980,510
9801,69,39,1,339,0,434,230
9900,0,0,1,0,0,0,0
9901,0,0,1,0,0,0,0
9902,0,0,1,0,0,0,0
