precinctid,no,under_vote,precincts,ballots_cast,over_vote,registration,yes
1101,215,52,1,446,0,586,176
1102,401,65,1,810,1,996,339
1103,405,65,1,781,0,971,303
1104,377,86,1,763,0,991,302
1106,275,74,1,600,0,808,243
1107,267,59,1,506,0,781,177
1108,370,77,1,744,0,951,289
1109,307,72,1,617,1,809,231
1111,347,86,1,717,0,1031,274
1112,273,79,1,557,0,765,196
1113,263,55,1,547,0,713,219
1114,394,96,1,741,2,971,249
1115,354,95,1,746,3,910,288
1116,307,81,1,636,0,913,242
1117,308,67,1,644,1,886,260
1118,364,78,1,776,0,1031,326
1119,274,74,1,587,0,783,234
1121,247,55,1,525,0,691,222
1122,234,51,1,482,0,658,196
1123,330,77,1,646,0,954,240
1124,251,77,1,556,1,831,221
1125,333,102,1,745,0,1029,305
1126,315,79,1,701,1,954,296
1127,327,74,1,685,1,911,282
1128,317,84,1,686,0,907,279
1129,297,86,1,703,0,951,316
1131,274,76,1,574,1,853,221
1132,346,80,1,721,0,982,291
1133,305,74,1,661,0,870,273
1134,296,62,1,593,0,793,234
1135,213,29,1,421,2,521,174
1136,293,72,1,669,1,857,296
1141,419,71,1,812,0,1047,319
1142,339,72,1,667,1,858,241
1143,436,65,1,801,0,1056,288
1144,380,84,1,713,0,928,249
1145,380,65,1,753,0,931,297
1146,381,70,1,791,0,1036,335
1147,372,68,1,734,0,927,289
1148,374,82,1,727,1,992,265
1149,392,76,1,747,0,950,276
1151,0,0,1,0,0,0,0
1152,344,68,1,671,0,898,256
1153,365,83,1,749,2,961,290
1154,0,0,1,0,0,0,0
7001,215,61,1,559,2,742,281
7002,371,113,1,997,0,1225,512
7003,356,81,1,834,1,927,392
7004,294,91,1,808,0,896,414
7005,322,77,1,755,0,853,349
7006,402,63,1,799,2,966,324
7007,361,90,1,870,0,987,408
7008,328,78,1,820,0,882,404
7009,352,73,1,750,0,931,320
7011,291,59,1,621,1,1063,266
7012,362,94,1,925,1,1034,456
7013,228,66,1,640,0,733,341
7014,347,92,1,928,0,1073,478
7015,52,2,1,81,0,113,25
7016,253,64,1,593,0,977,277
7017,193,46,1,469,1,786,231
7018,266,73,1,672,1,992,326
7019,279,69,1,696,0,945,345
7021,287,55,1,631,1,993,281
7022,269,66,1,667,0,1032,320
7023,276,60,1,671,1,938,320
7024,43,9,1,119,0,309,65
7025,131,25,1,266,0,505,109
7026,261,90,1,700,0,1022,336
7027,219,73,1,577,0,879,280
7028,257,47,1,544,4,900,238
7029,210,70,1,525,0,924,239
7030,224,72,1,558,0,787,259
7031,141,48,1,392,0,511,196
7032,259,59,1,589,2,938,259
7033,243,53,1,546,1,814,249
7034,211,50,1,515,0,954,251
7035,124,28,1,341,1,476,187
7036,281,64,1,596,1,967,245
7037,162,47,1,379,0,840,167
7038,259,77,1,595,1,960,257
7039,285,57,1,625,0,831,277
7041,20,8,1,42,0,62,15
7042,250,68,1,514,0,697,193
7043,249,62,1,640,1,990,322
7044,176,50,1,415,1,867,190
7045,224,70,1,531,0,803,234
7046,148,23,1,319,0,435,142
7047,258,54,1,602,0,858,283
7048,217,61,1,518,0,877,237
7049,222,84,1,534,0,829,224
7051,241,76,1,612,1,909,288
7052,263,65,1,675,0,894,342
7053,135,27,1,462,0,552,287
7054,317,49,1,683,0,1068,315
7101,49,19,1,126,0,150,57
7201,313,128,1,868,0,983,458
7202,249,84,1,752,0,885,409
7203,273,124,1,840,1,950,420
7204,288,103,1,833,0,933,429
7205,271,98,1,815,0,903,440
7206,119,42,1,340,0,390,176
7207,201,105,1,595,1,712,281
7208,192,87,1,539,0,635,252
7209,151,53,1,491,2,563,276
7301,301,128,1,813,0,1080,382
7302,247,98,1,732,0,862,382
7303,296,126,1,851,0,1032,428
7304,306,109,1,828,1,993,407
7305,290,94,1,772,1,906,367
7306,349,109,1,882,2,1076,393
7307,259,98,1,674,1,826,306
7308,219,70,1,548,0,641,253
7309,276,98,1,764,1,897,377
7311,299,131,1,853,2,986,403
7312,266,104,1,768,2,874,389
7313,286,100,1,798,1,1001,393
7314,177,86,1,511,1,833,236
7315,220,101,1,597,2,783,262
7316,285,86,1,661,1,893,284
7317,286,90,1,743,0,938,352
7318,221,123,1,689,0,788,332
7319,314,132,1,908,1,1123,445
7321,169,70,1,493,0,683,247
7322,156,90,1,526,0,937,274
7323,250,108,1,727,1,888,356
7324,195,106,1,601,0,756,286
7325,282,128,1,792,0,973,369
7326,260,88,1,749,0,922,391
7327,139,79,1,434,1,762,213
7328,195,122,1,617,0,1024,300
7329,158,59,1,454,0,607,235
7331,273,96,1,793,0,933,409
7332,308,97,1,718,0,889,303
7333,294,134,1,888,1,1101,444
7334,302,107,1,774,0,963,351
7335,348,105,1,894,1,1002,424
7336,314,119,1,883,3,1017,434
7337,284,100,1,755,0,944,360
7338,209,109,1,695,0,1005,368
7339,200,63,1,495,0,660,228
7341,278,123,1,765,0,974,354
7342,338,113,1,791,1,1034,333
7343,267,89,1,618,0,746,258
7344,343,139,1,916,2,1143,426
7345,348,145,1,891,0,1186,387
7346,364,99,1,762,0,991,290
7347,349,115,1,841,2,1085,357
7348,267,90,1,647,1,957,275
7349,276,103,1,771,0,1006,381
7501,158,85,1,522,0,574,272
7502,272,91,1,694,0,808,321
7503,266,89,1,688,1,808,323
7504,125,65,1,420,0,503,216
7505,216,92,1,762,0,915,438
7506,323,113,1,798,1,1018,340
7507,292,65,1,631,0,992,271
7508,255,76,1,606,2,735,265
7509,327,94,1,825,0,1006,394
7512,184,56,1,493,0,638,248
7513,241,93,1,601,2,836,261
7514,199,80,1,544,2,886,257
7515,264,90,1,710,0,898,350
7516,253,105,1,759,0,907,396
7517,373,96,1,826,0,956,349
7518,425,80,1,858,3,993,343
7519,295,93,1,676,0,802,278
7521,326,71,1,726,0,854,319
7522,354,71,1,742,0,848,310
7523,355,66,1,689,1,821,260
7524,234,65,1,532,1,728,226
7525,291,71,1,636,0,870,264
7526,349,97,1,858,0,999,395
7527,257,59,1,624,1,773,293
7529,401,86,1,860,0,992,367
7531,366,94,1,805,1,954,339
7532,282,97,1,741,1,886,353
7533,461,102,1,910,0,1025,334
7534,393,76,1,775,0,967,297
7535,344,67,1,711,0,807,294
7536,356,82,1,775,1,895,328
7537,305,79,1,664,0,783,273
7538,337,67,1,736,1,831,320
7539,425,74,1,821,0,978,319
7541,352,68,1,728,0,865,305
7542,367,73,1,756,0,906,311
7543,366,89,1,806,0,993,348
7544,362,77,1,821,2,962,375
7545,321,96,1,833,1,970,407
7546,383,95,1,817,1,935,328
7547,377,103,1,837,1,1057,341
7548,371,102,1,894,1,1135,413
7549,288,101,1,734,0,854,337
7551,311,68,1,669,0,762,284
7552,266,59,1,678,0,756,342
7553,67,30,1,168,1,187,66
7554,295,81,1,769,0,859,379
7555,341,79,1,846,1,893,413
7556,332,73,1,906,0,1008,491
7601,260,84,1,588,0,929,236
7602,319,85,1,689,0,962,281
7603,318,82,1,690,0,888,282
7604,309,77,1,677,0,989,284
7605,180,64,1,428,0,771,184
7606,297,91,1,640,1,992,247
7607,336,84,1,710,0,1055,277
7608,88,42,1,244,0,456,110
7609,196,89,1,551,0,1051,261
7611,186,87,1,479,0,898,198
7612,148,63,1,418,0,668,200
7613,255,80,1,617,2,1015,271
7614,352,118,1,793,0,1177,319
7615,209,82,1,528,2,1020,228
7616,238,103,1,807,0,981,459
7617,204,85,1,516,0,898,218
7618,285,79,1,689,0,948,324
7619,558,201,1,1485,0,1971,717
7621,284,108,1,800,0,1082,402
7622,204,83,1,534,0,1007,239
7623,195,55,1,467,0,839,211
7624,225,77,1,565,0,1074,256
7625,164,99,1,617,2,896,346
7626,304,126,1,1011,0,1177,572
7627,393,191,1,1326,0,1586,720
7628,300,81,1,720,1,1006,333
7629,229,75,1,577,0,837,267
7631,320,119,1,915,2,1143,471
7632,213,46,1,532,1,727,270
7633,198,84,1,574,0,731,288
7634,231,89,1,706,0,1017,378
7635,239,82,1,643,0,868,314
7636,252,95,1,784,0,993,431
7637,333,175,1,1151,1,1361,635
7638,308,146,1,1135,1,1285,663
7639,251,114,1,891,1,1011,510
7641,280,68,1,795,0,977,431
7642,247,197,1,810,0,967,350
7643,235,111,1,758,0,959,402
7644,253,157,1,925,0,1111,505
7645,203,78,1,587,0,669,294
7646,540,236,1,1893,0,2163,1082
7647,301,75,1,598,0,1028,216
7648,0,2,1,3,0,4,1
7701,386,105,1,914,1,1049,412
7702,275,86,1,663,0,775,294
7703,38,20,1,100,0,178,35
7704,391,94,1,881,0,1006,385
7705,197,43,1,495,2,554,250
7706,337,67,1,773,0,853,369
7707,335,73,1,784,0,854,367
7708,321,77,1,783,1,894,372
7709,199,30,1,354,0,390,120
7711,306,74,1,685,1,789,298
7712,233,64,1,518,0,577,213
7801,377,76,1,964,0,975,505
7802,263,85,1,723,1,760,367
7803,282,75,1,774,0,827,408
7804,318,84,1,876,0,932,466
7805,298,72,1,761,0,852,387
7806,283,62,1,663,0,746,311
7807,284,53,1,671,0,774,331
7808,240,67,1,578,1,702,266
7809,389,115,1,1091,0,1234,579
7811,312,66,1,696,0,806,306
7812,313,82,1,752,2,892,355
7813,380,111,1,943,0,1061,441
7814,307,82,1,667,1,919,273
7815,318,86,1,879,1,967,467
7816,292,71,1,823,1,896,450
7817,318,57,1,711,2,804,328
7818,323,63,1,787,0,889,393
7819,309,74,1,682,2,809,290
7821,347,73,1,916,0,998,489
7822,297,67,1,776,1,951,410
7823,349,68,1,806,0,928,385
7824,270,72,1,665,0,794,317
7825,232,48,1,521,0,578,238
7826,288,57,1,633,0,709,282
7827,389,78,1,758,0,931,282
7828,358,90,1,924,1,1053,465
7829,347,59,1,841,1,904,428
7831,295,55,1,803,0,906,449
7832,304,78,1,759,0,824,368
7833,310,68,1,710,0,785,324
7834,402,67,1,775,0,901,298
7835,363,62,1,785,0,863,351
7836,390,69,1,903,0,990,437
7837,309,88,1,840,2,934,433
7838,331,64,1,839,0,933,440
7839,280,67,1,785,0,869,420
7841,347,73,1,839,1,947,408
7842,388,71,1,864,0,960,396
7843,299,60,1,679,1,802,311
7844,275,58,1,594,0,682,257
7845,326,81,1,783,0,869,373
7846,263,87,1,814,2,925,450
7847,338,79,1,843,0,960,420
7848,310,83,1,818,0,905,421
7849,376,68,1,864,1,967,418
7851,167,45,1,472,0,528,256
7852,227,52,1,584,0,644,298
7853,260,75,1,770,0,896,427
7854,270,92,1,825,0,933,453
7855,309,106,1,870,0,968,447
7856,332,83,1,769,0,849,346
7857,410,69,1,854,0,963,368
7858,340,69,1,674,2,791,256
7859,318,74,1,834,0,915,434
7861,308,87,1,776,2,881,354
7862,329,84,1,815,1,923,393
7863,344,96,1,819,0,939,374
7864,296,72,1,703,0,815,335
7865,343,89,1,754,0,853,311
7866,290,77,1,746,0,831,375
7867,341,65,1,822,1,946,410
7868,281,58,1,764,2,901,410
7869,322,64,1,789,0,874,397
7871,336,71,1,804,1,909,392
7872,355,68,1,819,0,902,395
7873,357,64,1,788,2,874,358
7874,180,35,1,408,2,482,189
7875,243,50,1,525,0,628,230
7901,429,119,1,952,0,1286,403
7902,387,64,1,842,0,1064,376
7903,296,74,1,652,0,929,276
7904,324,64,1,694,0,926,299
7905,342,45,1,718,0,851,325
7906,336,58,1,653,0,854,255
7907,398,95,1,834,1,991,330
7908,403,83,1,872,1,1008,378
7909,316,66,1,644,1,787,258
7911,359,56,1,734,1,907,308
7912,417,97,1,874,2,1090,351
7913,395,64,1,800,1,964,334
7914,365,53,1,752,0,895,326
7915,370,57,1,716,2,892,285
7916,409,61,1,768,0,953,292
7917,432,71,1,868,2,1073,352
7918,339,70,1,697,0,860,285
7919,386,68,1,767,0,928,312
7921,357,55,1,694,1,970,276
7922,374,58,1,705,1,884,262
7923,400,52,1,689,0,930,236
7924,368,68,1,696,0,883,256
7925,253,36,1,483,0,591,191
7926,374,59,1,695,0,820,250
7927,340,55,1,688,2,782,288
7928,444,53,1,849,0,976,342
7929,380,50,1,780,0,871,347
7931,328,52,1,687,0,765,300
7932,202,36,1,482,1,557,253
7933,4,1,1,7,0,8,2
7934,380,63,1,772,2,888,322
7935,431,59,1,851,1,949,353
7936,406,52,1,764,0,876,300
7937,413,60,1,780,1,909,298
7938,359,41,1,636,0,808,233
7939,295,41,1,593,0,674,249
7941,327,67,1,655,0,790,258
7942,361,54,1,769,1,950,338
7943,363,65,1,780,0,938,349
7944,344,53,1,692,1,830,290
7945,302,73,1,663,1,926,281
7946,322,65,1,716,0,976,321
7947,326,81,1,717,0,964,304
7948,371,75,1,721,0,933,265
7949,208,53,1,433,0,594,169
7951,292,72,1,645,1,841,273
7952,349,53,1,651,2,865,236
7953,322,58,1,677,0,853,296
7954,0,0,1,0,0,0,0
7955,308,70,1,684,0,899,298
7956,243,68,1,579,1,779,257
7957,253,44,1,524,0,664,223
7958,103,26,1,199,0,291,67
9001,80,16,1,197,0,269,100
9101,350,94,1,740,2,899,286
9102,368,105,1,817,0,989,332
9103,340,96,1,786,0,971,344
9104,362,91,1,795,1,1004,327
9105,335,93,1,817,3,975,379
9106,348,100,1,819,0,938,357
9107,316,87,1,679,0,859,266
9108,339,75,1,691,0,815,272
9109,312,94,1,749,0,875,339
9111,295,91,1,637,0,785,243
9112,347,88,1,804,0,975,362
9113,345,97,1,853,0,1008,398
9114,340,113,1,749,2,913,290
9115,340,103,1,761,0,948,307
9116,372,108,1,811,1,986,312
9117,298,64,1,670,0,785,303
9118,363,114,1,780,1,987,290
9119,388,94,1,744,0,911,260
9121,367,90,1,758,3,950,287
9122,340,107,1,769,0,976,314
9123,340,103,1,740,1,902,296
9124,329,101,1,730,0,940,292
9125,329,98,1,740,1,911,301
9126,350,118,1,820,1,978,348
9127,344,108,1,819,0,985,364
9128,303,96,1,727,0,859,324
9129,286,75,1,621,1,772,251
9131,305,79,1,661,0,806,270
9132,319,90,1,701,2,898,284
9133,357,109,1,888,1,1083,416
9134,308,121,1,767,4,937,321
9135,290,77,1,652,0,831,277
9136,383,85,1,788,1,952,311
9137,389,103,1,785,0,977,279
9138,368,91,1,771,2,930,300
9139,383,95,1,831,0,1004,345
9141,390,84,1,794,1,963,314
9142,396,88,1,843,1,1003,348
9143,363,92,1,747,0,921,277
9144,362,96,1,832,0,983,363
9145,355,77,1,753,1,889,312
9146,398,109,1,799,0,929,287
9147,364,95,1,818,2,983,348
9148,379,88,1,869,0,1007,388
9149,412,112,1,842,0,976,304
9151,300,86,1,704,2,858,303
9152,251,129,1,636,0,842,245
9201,397,84,1,893,0,1047,408
9202,269,131,1,806,0,962,403
9203,264,145,1,857,0,1006,434
9204,233,100,1,733,0,849,391
9205,190,103,1,652,1,760,349
9206,245,120,1,822,2,960,447
9207,272,121,1,845,1,980,438
9208,255,150,1,897,1,1028,480
9209,196,87,1,646,0,750,350
9211,220,150,1,778,0,910,398
9212,223,119,1,746,2,857,386
9213,300,134,1,853,0,987,411
9214,170,79,1,539,0,632,286
9215,188,78,1,566,0,645,291
9216,205,121,1,726,1,861,380
9217,217,100,1,662,0,761,332
9218,217,108,1,730,1,868,390
9219,221,140,1,719,0,829,352
9221,185,61,1,637,1,662,385
9222,235,103,1,811,0,889,452
9223,182,75,1,573,0,664,307
9224,263,114,1,863,0,993,473
9225,299,159,1,926,0,994,445
9226,272,129,1,833,0,960,422
9227,242,69,1,665,1,759,342
9228,207,68,1,651,0,725,373
9229,190,68,1,555,0,615,290
9231,341,95,1,869,1,1006,424
9232,221,82,1,695,0,746,381
9233,224,89,1,736,1,816,415
9234,207,86,1,664,0,759,354
9235,240,103,1,818,0,907,462
9236,182,74,1,600,0,682,331
9237,267,105,1,824,0,941,438
9238,248,111,1,809,1,846,433
9239,254,130,1,838,0,885,439
9241,274,129,1,894,0,1027,477
9242,255,130,1,885,1,1023,490
9243,187,76,1,555,0,611,284
9244,252,135,1,824,0,940,428
9245,223,74,1,627,0,725,320
9246,289,116,1,842,1,964,424
9247,295,133,1,885,0,1004,446
9248,279,122,1,846,1,955,434
9249,275,99,1,807,0,926,418
9251,317,112,1,871,1,982,433
9252,338,93,1,837,0,943,393
9253,232,110,1,709,0,808,355
9254,295,122,1,871,2,951,440
9255,194,62,1,518,0,577,255
9256,147,29,1,342,0,403,161
9257,133,39,1,287,0,339,107
9258,255,68,1,645,3,715,314
9401,394,120,1,815,1,1014,294
9402,407,114,1,816,0,1028,286
9403,357,79,1,739,0,933,295
9404,377,84,1,744,2,921,277
9405,331,84,1,699,2,818,271
9406,369,94,1,791,0,916,322
9407,327,103,1,728,2,941,287
9408,362,98,1,704,2,879,237
9409,245,81,1,524,1,626,197
9411,392,109,1,840,1,1051,316
9412,343,90,1,703,0,885,269
9413,345,116,1,742,0,907,267
9414,321,91,1,740,1,894,320
9415,276,92,1,637,0,798,263
9416,339,112,1,806,1,1018,345
9417,299,87,1,604,1,759,211
9418,277,88,1,642,1,814,266
9419,322,108,1,708,0,902,271
9421,320,107,1,732,1,929,302
9422,382,127,1,887,1,1082,365
9423,327,96,1,718,2,909,287
9424,348,75,1,756,0,951,324
9425,356,119,1,748,1,964,266
9426,308,98,1,663,0,835,250
9427,334,101,1,733,0,963,296
9428,331,106,1,754,0,963,312
9429,329,85,1,707,0,909,288
9431,366,112,1,821,2,1024,330
9432,313,119,1,718,0,913,283
9433,329,110,1,759,0,973,315
9434,334,94,1,803,1,997,368
9435,355,109,1,765,1,969,290
9436,343,127,1,783,0,994,304
9437,304,110,1,713,0,954,289
9438,349,123,1,791,1,1000,312
9439,306,112,1,690,0,903,269
9441,346,85,1,800,0,1004,362
9442,369,122,1,809,1,1027,310
9443,311,97,1,748,0,937,334
9444,312,122,1,720,0,955,276
9445,351,91,1,751,1,993,297
9446,429,112,1,912,0,1084,362
9447,325,108,1,761,0,954,320
9448,328,119,1,728,0,950,272
9449,298,91,1,639,0,820,245
9451,183,38,1,370,0,438,145
9452,320,86,1,701,0,829,286
9453,199,54,1,415,0,502,156
9501,44,16,1,131,0,153,67
9502,84,22,1,209,0,233,101
9503,231,106,1,674,0,822,322
9505,282,70,1,617,1,804,262
9506,255,50,1,602,2,810,293
9507,273,68,1,638,0,783,292
9508,326,74,1,720,0,862,314
9509,300,73,1,661,0,758,279
9511,261,63,1,529,0,630,197
9512,311,66,1,709,0,848,326
9513,338,84,1,766,1,952,339
9514,385,96,1,832,0,959,345
9515,304,71,1,646,0,748,264
9516,340,106,1,763,3,922,308
9517,317,97,1,713,0,854,285
9518,300,82,1,707,0,826,308
9519,347,103,1,790,0,922,332
9521,353,122,1,827,0,947,339
9701,261,87,1,571,1,664,217
9702,290,74,1,640,0,760,267
9703,383,79,1,818,0,989,351
9704,379,104,1,836,2,971,341
9705,370,101,1,836,0,954,352
9706,25,6,1,54,0,54,22
9707,298,49,1,679,0,805,329
9708,354,108,1,829,2,956,351
9709,390,99,1,848,0,1029,348
9711,237,69,1,572,1,643,256
9712,261,63,1,593,1,656,258
9713,357,84,1,782,0,974,333
9714,349,91,1,825,0,941,374
9715,163,58,1,521,0,580,287
9716,329,101,1,791,2,975,356
9717,386,86,1,837,1,993,366
9718,288,69,1,755,1,859,387
9719,298,70,1,755,0,880,383
9721,227,49,1,575,0,657,294
9722,234,56,1,543,2,634,237
9723,156,58,1,396,1,478,179
9724,356,92,1,824,0,978,366
9725,360,104,1,783,0,985,325
9726,283,112,1,606,0,782,202
9727,143,44,1,396,2,454,204
9728,328,66,1,805,0,937,405
9729,248,64,1,708,2,802,386
9731,186,27,1,485,0,548,269
9732,40,2,1,71,0,76,29
9733,86,15,1,204,0,221,104
9734,176,58,1,535,0,603,284
9735,266,77,1,699,0,807,350
9736,285,49,1,651,1,729,309
9737,301,71,1,715,1,782,339
9738,313,90,1,680,1,850,266
9739,317,102,1,681,1,912,258
9741,272,225,1,679,0,1064,180
9742,225,76,1,530,1,669,225
9743,404,119,1,907,0,1159,376
9744,352,113,1,763,0,968,270
9745,357,102,1,762,1,1052,294
9746,323,68,1,783,0,903,375
9747,371,100,1,797,0,989,322
9748,337,82,1,809,2,981,378
9749,307,86,1,686,0,969,286
9751,400,96,1,908,1,1011,395
9752,305,48,1,626,1,721,268
9753,314,53,1,636,0,777,269
9754,283,58,1,648,0,744,294
9755,225,43,1,492,1,605,222
9756,321,96,1,784,1,980,356
9801,166,48,1,339,0,434,121
9900,0,0,1,0,0,0,0
9901,0,0,1,0,0,0,0
9902,0,0,1,0,0,0,0
