precinctid,no,under_vote,precincts,ballots_cast,over_vote,registration,yes
1101,47,47,1,446,1,586,348
1102,111,76,1,810,0,996,619
1103,93,77,1,781,0,971,603
1104,110,96,1,763,0,991,559
1106,65,74,1,600,0,808,453
1107,47,62,1,506,0,781,394
1108,82,79,1,744,0,951,575
1109,70,69,1,617,0,809,472
1111,80,96,1,717,0,1031,531
1112,53,85,1,557,0,765,410
1113,82,69,1,547,2,713,384
1114,103,101,1,741,0,971,537
1115,81,98,1,746,0,910,561
1116,84,91,1,636,0,913,455
1117,105,80,1,644,1,886,450
1118,99,93,1,776,1,1031,575
1119,73,81,1,587,0,783,428
1121,76,66,1,525,0,691,382
1122,65,60,1,482,1,658,355
1123,98,78,1,646,0,954,471
1124,81,79,1,556,0,831,390
1125,92,119,1,745,0,1029,529
1126,123,94,1,701,0,954,474
1127,83,93,1,685,2,911,506
1128,95,105,1,686,0,907,480
1129,101,107,1,703,0,951,491
1131,84,102,1,574,0,853,386
1132,92,98,1,721,0,982,527
1133,85,81,1,661,0,870,486
1134,95,69,1,593,0,793,428
1135,50,41,1,421,1,521,326
1136,82,82,1,669,1,857,497
1141,100,95,1,812,0,1047,614
1142,91,69,1,667,1,858,492
1143,109,80,1,801,0,1056,600
1144,102,93,1,713,1,928,517
1145,90,72,1,753,0,931,580
1146,105,90,1,791,0,1036,591
1147,93,80,1,734,0,927,556
1148,107,86,1,727,2,992,527
1149,85,92,1,747,0,950,567
1151,0,0,1,0,0,0,0
1152,103,81,1,671,1,898,483
1153,105,95,1,749,0,961,540
1154,0,0,1,0,0,0,0
7001,64,58,1,559,0,742,437
7002,94,113,1,997,1,1225,788
7003,69,70,1,834,0,927,691
7004,92,82,1,808,1,896,624
7005,67,69,1,755,0,853,612
7006,85,68,1,799,0,966,638
7007,83,98,1,870,0,987,678
7008,68,77,1,820,0,882,665
7009,86,77,1,750,0,931,582
7011,112,76,1,621,0,1063,429
7012,103,89,1,925,0,1034,721
7013,67,68,1,640,0,733,500
7014,108,95,1,928,1,1073,713
7015,4,4,1,81,0,113,71
7016,104,76,1,593,0,977,414
7017,90,66,1,469,0,786,315
7018,117,73,1,672,0,992,476
7019,100,89,1,696,0,945,504
7021,114,71,1,631,1,993,438
7022,85,78,1,667,0,1032,492
7023,104,90,1,671,1,938,462
7024,34,13,1,119,0,309,70
7025,68,35,1,266,1,505,161
7026,106,103,1,700,0,1022,478
7027,76,100,1,577,1,879,395
7028,98,77,1,544,2,900,369
7029,101,84,1,525,0,924,334
7030,97,79,1,558,0,787,379
7031,49,58,1,392,1,511,277
7032,106,76,1,589,2,938,395
7033,103,85,1,546,0,814,358
7034,125,73,1,515,0,954,314
7035,63,38,1,341,0,476,239
7036,112,65,1,596,0,967,414
7037,93,57,1,379,0,840,226
7038,96,95,1,595,0,960,403
7039,104,71,1,625,0,831,444
7041,2,10,1,42,0,62,31
7042,86,78,1,514,0,697,347
7043,106,57,1,640,0,990,471
7044,118,63,1,415,0,867,236
7045,107,72,1,531,0,803,349
7046,60,38,1,319,0,435,215
7047,105,83,1,602,0,858,407
7048,110,79,1,518,0,877,326
7049,86,88,1,534,0,829,356
7051,85,90,1,612,0,909,431
7052,90,77,1,675,0,894,503
7053,42,60,1,462,0,552,347
7054,107,74,1,683,0,1068,500
7101,10,16,1,126,2,150,97
7201,93,120,1,868,0,983,686
7202,80,74,1,752,0,885,588
7203,93,118,1,840,0,950,607
7204,82,107,1,833,0,933,631
7205,95,95,1,815,0,903,619
7206,36,42,1,340,0,390,259
7207,55,100,1,595,1,712,432
7208,66,88,1,539,0,635,377
7209,87,44,1,491,0,563,351
7301,99,120,1,813,0,1080,592
7302,60,98,1,732,1,862,568
7303,64,138,1,851,2,1032,646
7304,84,118,1,828,1,993,620
7305,83,89,1,772,1,906,579
7306,81,136,1,882,2,1076,634
7307,49,109,1,674,2,826,504
7308,60,69,1,548,1,641,412
7309,70,109,1,764,0,897,573
7311,78,155,1,853,0,986,602
7312,95,110,1,768,1,874,555
7313,72,113,1,798,0,1001,595
7314,74,111,1,511,1,833,314
7315,49,109,1,597,1,783,426
7316,72,92,1,661,0,893,492
7317,62,97,1,743,2,938,567
7318,61,144,1,689,0,788,471
7319,82,144,1,908,0,1123,666
7321,50,91,1,493,0,683,345
7322,66,145,1,526,0,937,309
7323,75,117,1,727,1,888,522
7324,81,107,1,601,0,756,399
7325,89,138,1,792,0,973,552
7326,89,114,1,749,0,922,536
7327,67,97,1,434,0,762,268
7328,78,174,1,617,1,1024,364
7329,66,68,1,454,0,607,318
7331,64,98,1,793,0,933,616
7332,58,97,1,718,1,889,552
7333,98,150,1,888,1,1101,624
7334,87,120,1,774,0,963,553
7335,94,120,1,894,0,1002,664
7336,98,135,1,883,0,1017,637
7337,72,113,1,755,2,944,557
7338,79,162,1,695,0,1005,445
7339,65,58,1,495,0,660,368
7341,83,108,1,765,0,974,564
7342,84,107,1,791,1,1034,593
7343,56,89,1,618,2,746,467
7344,88,136,1,916,0,1143,686
7345,71,135,1,891,0,1186,674
7346,74,96,1,762,1,991,582
7347,63,108,1,841,0,1085,652
7348,69,101,1,647,0,957,463
7349,78,117,1,771,0,1006,565
7501,49,81,1,522,1,574,384
7502,72,100,1,694,1,808,511
7503,76,96,1,688,1,808,506
7504,44,77,1,420,0,503,285
7505,151,95,1,762,0,915,500
7506,72,110,1,798,0,1018,595
7507,71,75,1,631,0,992,482
7508,62,84,1,606,0,735,452
7509,73,99,1,825,1,1006,642
7512,59,64,1,493,2,638,363
7513,70,105,1,601,0,836,422
7514,82,104,1,544,0,886,352
7515,106,94,1,710,0,898,504
7516,82,113,1,759,0,907,559
7517,72,83,1,826,0,956,663
7518,77,84,1,858,0,993,690
7519,56,92,1,676,1,802,517
7521,52,79,1,726,0,854,585
7522,65,78,1,742,0,848,592
7523,65,70,1,689,1,821,546
7524,64,67,1,532,0,728,395
7525,64,81,1,636,0,870,481
7526,85,93,1,858,0,999,663
7527,64,75,1,624,0,773,471
7529,75,93,1,860,1,992,685
7531,78,96,1,805,0,954,626
7532,97,99,1,741,0,886,537
7533,73,91,1,910,1,1025,732
7534,72,79,1,775,0,967,615
7535,78,66,1,711,1,807,560
7536,72,89,1,775,0,895,606
7537,60,61,1,664,0,783,536
7538,55,71,1,736,0,831,599
7539,73,77,1,821,0,978,668
7541,89,64,1,728,0,865,572
7542,66,65,1,756,0,906,620
7543,104,89,1,806,0,993,610
7544,83,82,1,821,0,962,651
7545,81,107,1,833,1,970,636
7546,75,92,1,817,0,935,640
7547,64,94,1,837,0,1057,664
7548,80,101,1,894,0,1135,706
7549,67,89,1,734,0,854,570
7551,78,73,1,669,0,762,512
7552,60,53,1,678,1,756,553
7553,10,29,1,168,0,187,125
7554,83,71,1,769,1,859,600
7555,86,89,1,846,1,893,658
7556,99,64,1,906,0,1008,733
7601,78,82,1,588,0,929,420
7602,84,82,1,689,1,962,518
7603,71,79,1,690,0,888,532
7604,71,73,1,677,0,989,526
7605,62,70,1,428,0,771,296
7606,75,82,1,640,0,992,479
7607,87,90,1,710,0,1055,520
7608,32,52,1,244,0,456,156
7609,78,111,1,551,0,1051,357
7611,62,101,1,479,0,898,308
7612,41,63,1,418,1,668,306
7613,82,81,1,617,0,1015,445
7614,85,103,1,793,0,1177,601
7615,82,80,1,528,1,1020,358
7616,90,97,1,807,0,981,613
7617,84,95,1,516,1,898,327
7618,67,69,1,689,0,948,552
7619,174,204,1,1485,1,1971,1097
7621,71,103,1,800,0,1082,620
7622,71,95,1,534,0,1007,360
7623,62,63,1,467,0,839,336
7624,88,70,1,565,0,1074,400
7625,76,125,1,617,0,896,410
7626,103,125,1,1011,0,1177,774
7627,142,174,1,1326,1,1586,987
7628,93,86,1,720,0,1006,536
7629,57,68,1,577,0,837,446
7631,103,120,1,915,0,1143,689
7632,53,48,1,532,1,727,428
7633,66,91,1,574,0,731,413
7634,72,99,1,706,1,1017,526
7635,76,76,1,643,0,868,483
7636,81,92,1,784,0,993,605
7637,89,151,1,1151,1,1361,903
7638,119,150,1,1135,0,1285,849
7639,93,115,1,891,0,1011,668
7641,93,84,1,795,0,977,602
7642,99,194,1,810,0,967,501
7643,88,108,1,758,0,959,552
7644,98,138,1,925,0,1111,679
7645,47,73,1,587,0,669,455
7646,160,243,1,1893,1,2163,1454
7647,87,83,1,598,2,1028,420
7648,0,1,1,3,0,4,2
7701,67,108,1,914,0,1049,729
7702,75,89,1,663,0,775,491
7703,17,16,1,100,0,178,60
7704,96,98,1,881,0,1006,676
7705,64,36,1,495,0,554,392
7706,76,64,1,773,0,853,633
7707,101,90,1,784,0,854,584
7708,75,87,1,783,1,894,608
7709,32,39,1,354,0,390,278
7711,61,76,1,685,0,789,542
7712,52,56,1,518,0,577,402
7801,101,64,1,964,1,975,792
7802,67,72,1,723,1,760,576
7803,83,67,1,774,1,827,614
7804,96,85,1,876,0,932,687
7805,83,75,1,761,0,852,599
7806,72,56,1,663,1,746,527
7807,75,53,1,671,0,774,540
7808,57,71,1,578,0,702,446
7809,122,110,1,1091,0,1234,851
7811,68,67,1,696,0,806,549
7812,87,83,1,752,0,892,582
7813,90,102,1,943,0,1061,740
7814,84,88,1,667,1,919,490
7815,78,82,1,879,1,967,711
7816,97,62,1,823,0,896,655
7817,73,54,1,711,1,804,577
7818,95,61,1,787,1,889,622
7819,74,59,1,682,2,809,540
7821,115,64,1,916,0,998,730
7822,102,66,1,776,0,951,607
7823,69,61,1,806,0,928,672
7824,85,67,1,665,0,794,507
7825,61,41,1,521,0,578,416
7826,70,53,1,633,0,709,504
7827,68,84,1,758,0,931,597
7828,80,85,1,924,0,1053,749
7829,72,56,1,841,0,904,707
7831,98,53,1,803,0,906,648
7832,74,65,1,759,0,824,611
7833,109,63,1,710,0,785,530
7834,97,85,1,775,0,901,585
7835,86,68,1,785,0,863,622
7836,78,62,1,903,0,990,756
7837,90,81,1,840,3,934,658
7838,75,74,1,839,0,933,686
7839,85,61,1,785,2,869,619
7841,92,77,1,839,2,947,658
7842,96,64,1,864,0,960,695
7843,71,62,1,679,1,802,537
7844,49,66,1,594,0,682,475
7845,78,76,1,783,0,869,626
7846,95,81,1,814,0,925,626
7847,85,78,1,843,0,960,674
7848,92,71,1,818,0,905,651
7849,98,61,1,864,3,967,701
7851,53,46,1,472,0,528,369
7852,70,46,1,584,0,644,461
7853,76,61,1,770,0,896,625
7854,79,88,1,825,0,933,648
7855,99,96,1,870,0,968,667
7856,72,80,1,769,0,849,609
7857,85,63,1,854,0,963,699
7858,74,59,1,674,0,791,534
7859,77,71,1,834,0,915,678
7861,68,67,1,776,1,881,615
7862,84,73,1,815,0,923,650
7863,89,91,1,819,1,939,633
7864,85,70,1,703,0,815,548
7865,71,77,1,754,1,853,594
7866,78,81,1,746,0,831,583
7867,97,71,1,822,0,946,649
7868,95,60,1,764,0,901,596
7869,95,60,1,789,0,874,628
7871,86,63,1,804,0,909,651
7872,96,67,1,819,0,902,655
7873,71,65,1,788,0,874,645
7874,47,30,1,408,1,482,328
7875,68,47,1,525,0,628,408
7901,101,116,1,952,1,1286,733
7902,102,78,1,842,0,1064,647
7903,67,81,1,652,0,929,498
7904,94,75,1,694,0,926,518
7905,69,52,1,718,0,851,591
7906,76,68,1,653,1,854,504
7907,93,96,1,834,1,991,634
7908,93,107,1,872,0,1008,665
7909,69,70,1,644,0,787,502
7911,68,78,1,734,1,907,577
7912,91,112,1,874,0,1090,664
7913,79,66,1,800,0,964,649
7914,92,64,1,752,0,895,588
7915,86,62,1,716,0,892,566
7916,72,61,1,768,0,953,629
7917,99,69,1,868,0,1073,689
7918,87,60,1,697,0,860,547
7919,80,83,1,767,0,928,603
7921,97,64,1,694,1,970,527
7922,71,80,1,705,0,884,544
7923,59,60,1,689,0,930,569
7924,64,72,1,696,1,883,555
7925,43,40,1,483,0,591,397
7926,74,61,1,695,1,820,547
7927,67,51,1,688,0,782,567
7928,81,55,1,849,2,976,701
7929,84,59,1,780,0,871,634
7931,54,48,1,687,0,765,578
7932,40,42,1,482,0,557,410
7933,2,0,1,7,0,8,5
7934,70,58,1,772,0,888,639
7935,80,57,1,851,1,949,706
7936,79,47,1,764,0,876,632
7937,60,69,1,780,0,909,643
7938,61,59,1,636,1,808,512
7939,50,42,1,593,1,674,492
7941,51,70,1,655,0,790,531
7942,70,77,1,769,0,950,607
7943,75,81,1,780,1,938,620
7944,79,57,1,692,2,830,550
7945,72,73,1,663,1,926,511
7946,84,79,1,716,1,976,544
7947,130,96,1,717,1,964,484
7948,86,92,1,721,0,933,533
7949,71,49,1,433,0,594,310
7951,90,83,1,645,0,841,465
7952,98,66,1,651,0,865,476
7953,79,75,1,677,0,853,522
7954,0,0,1,0,0,0,0
7955,75,96,1,684,1,899,504
7956,83,87,1,579,2,779,397
7957,86,62,1,524,0,664,372
7958,28,21,1,199,0,291,147
9001,32,24,1,197,0,269,140
9101,79,76,1,740,2,899,575
9102,57,103,1,817,0,989,645
9103,88,99,1,786,0,971,593
9104,78,98,1,795,0,1004,605
9105,70,105,1,817,1,975,634
9106,75,104,1,819,1,938,625
9107,62,88,1,679,0,859,519
9108,68,81,1,691,0,815,537
9109,73,89,1,749,0,875,583
9111,75,107,1,637,1,785,446
9112,73,81,1,804,1,975,642
9113,103,102,1,853,0,1008,635
9114,68,114,1,749,0,913,563
9115,96,112,1,761,0,948,542
9116,90,105,1,811,0,986,598
9117,72,60,1,670,0,785,533
9118,66,110,1,780,0,987,592
9119,71,93,1,744,1,911,577
9121,83,105,1,758,1,950,558
9122,84,97,1,769,0,976,580
9123,81,100,1,740,1,902,558
9124,73,95,1,730,1,940,553
9125,64,117,1,740,0,911,548
9126,96,119,1,820,0,978,602
9127,77,124,1,819,1,985,614
9128,75,103,1,727,0,859,545
9129,72,77,1,621,0,772,464
9131,78,85,1,661,0,806,491
9132,69,107,1,701,0,898,519
9133,116,135,1,888,3,1083,629
9134,88,115,1,767,0,937,551
9135,63,82,1,652,1,831,498
9136,69,96,1,788,0,952,615
9137,78,108,1,785,0,977,585
9138,66,93,1,771,0,930,602
9139,96,108,1,831,0,1004,619
9141,85,91,1,794,0,963,613
9142,72,101,1,843,1,1003,659
9143,63,102,1,747,0,921,567
9144,69,99,1,832,1,983,652
9145,83,85,1,753,0,889,577
9146,65,107,1,799,0,929,622
9147,89,101,1,818,1,983,618
9148,74,88,1,869,0,1007,693
9149,73,113,1,842,0,976,642
9151,65,101,1,704,1,858,524
9152,65,126,1,636,0,842,434
9201,79,78,1,893,0,1047,732
9202,81,102,1,806,0,962,620
9203,90,127,1,857,2,1006,624
9204,76,100,1,733,0,849,548
9205,57,103,1,652,0,760,483
9206,99,123,1,822,0,960,592
9207,84,128,1,845,0,980,620
9208,87,159,1,897,0,1028,640
9209,95,102,1,646,0,750,436
9211,77,154,1,778,0,910,537
9212,100,119,1,746,1,857,510
9213,92,139,1,853,0,987,614
9214,43,81,1,539,0,632,411
9215,56,66,1,566,0,645,435
9216,75,122,1,726,0,861,510
9217,76,107,1,662,1,761,465
9218,101,111,1,730,0,868,504
9219,75,145,1,719,0,829,493
9221,89,68,1,637,1,662,474
9222,79,101,1,811,0,889,610
9223,61,81,1,573,0,664,422
9224,103,104,1,863,1,993,642
9225,89,162,1,926,0,994,652
9226,73,128,1,833,1,960,621
9227,81,63,1,665,2,759,508
9228,68,67,1,651,1,725,512
9229,52,69,1,555,1,615,426
9231,91,83,1,869,0,1006,687
9232,84,96,1,695,1,746,503
9233,95,87,1,736,1,816,546
9234,71,79,1,664,2,759,495
9235,110,113,1,818,0,907,582
9236,84,57,1,600,0,682,446
9237,99,113,1,824,1,941,597
9238,83,111,1,809,0,846,599
9239,79,125,1,838,0,885,619
9241,90,126,1,894,0,1027,664
9242,87,113,1,885,0,1023,676
9243,56,64,1,555,2,611,425
9244,101,141,1,824,1,940,572
9245,53,77,1,627,0,725,487
9246,71,112,1,842,0,964,647
9247,97,116,1,885,0,1004,661
9248,79,112,1,846,1,955,644
9249,90,100,1,807,1,926,601
9251,76,106,1,871,1,982,680
9252,87,84,1,837,0,943,653
9253,72,102,1,709,0,808,523
9254,110,110,1,871,0,951,639
9255,67,72,1,518,0,577,372
9256,36,34,1,342,1,403,266
9257,25,37,1,287,0,339,217
9258,49,71,1,645,0,715,520
9401,69,113,1,815,0,1014,627
9402,77,96,1,816,0,1028,634
9403,79,87,1,739,0,933,565
9404,66,94,1,744,0,921,580
9405,75,85,1,699,1,818,527
9406,84,97,1,791,0,916,604
9407,72,100,1,728,1,941,546
9408,62,91,1,704,0,879,546
9409,44,68,1,524,0,626,412
9411,79,86,1,840,1,1051,652
9412,74,99,1,703,0,885,529
9413,66,84,1,742,0,907,578
9414,87,97,1,740,2,894,547
9415,73,85,1,637,0,798,473
9416,81,111,1,806,0,1018,605
9417,58,80,1,604,0,759,460
9418,75,94,1,642,0,814,463
9419,69,98,1,708,1,902,533
9421,76,107,1,732,0,929,547
9422,84,125,1,887,0,1082,666
9423,83,102,1,718,0,909,527
9424,90,82,1,756,1,951,574
9425,79,110,1,748,0,964,553
9426,64,92,1,663,2,835,498
9427,92,101,1,733,0,963,538
9428,78,79,1,754,2,963,590
9429,66,100,1,707,0,909,536
9431,109,108,1,821,1,1024,592
9432,63,128,1,718,0,913,524
9433,80,106,1,759,0,973,568
9434,91,101,1,803,1,997,604
9435,71,103,1,765,0,969,581
9436,79,117,1,783,0,994,578
9437,79,102,1,713,0,954,522
9438,99,111,1,791,0,1000,575
9439,74,106,1,690,1,903,506
9441,71,82,1,800,0,1004,640
9442,84,113,1,809,0,1027,605
9443,71,90,1,748,0,937,581
9444,70,113,1,720,0,955,527
9445,71,92,1,751,0,993,577
9446,93,112,1,912,0,1084,698
9447,80,102,1,761,0,954,571
9448,86,97,1,728,1,950,535
9449,72,86,1,639,0,820,476
9451,53,45,1,370,0,438,268
9452,57,95,1,701,1,829,539
9453,49,58,1,415,1,502,301
9501,10,16,1,131,0,153,101
9502,14,18,1,209,0,233,175
9503,82,115,1,674,0,822,462
9505,83,79,1,617,1,804,452
9506,73,70,1,602,0,810,457
9507,50,65,1,638,0,783,518
9508,56,75,1,720,0,862,583
9509,55,78,1,661,0,758,519
9511,52,67,1,529,0,630,402
9512,59,72,1,709,1,848,571
9513,100,83,1,766,0,952,579
9514,80,95,1,832,2,959,649
9515,46,88,1,646,0,748,505
9516,58,89,1,763,0,922,610
9517,74,94,1,713,0,854,531
9518,63,79,1,707,0,826,548
9519,75,99,1,790,0,922,608
9521,60,100,1,827,1,947,653
9701,40,78,1,571,0,664,448
9702,43,73,1,640,0,760,515
9703,87,97,1,818,0,989,629
9704,85,95,1,836,1,971,645
9705,78,121,1,836,0,954,624
9706,2,6,1,54,0,54,45
9707,65,64,1,679,0,805,547
9708,81,93,1,829,2,956,639
9709,93,91,1,848,0,1029,653
9711,49,65,1,572,0,643,449
9712,63,54,1,593,0,656,466
9713,77,97,1,782,1,974,599
9714,102,108,1,825,0,941,604
9715,54,45,1,521,1,580,408
9716,76,103,1,791,0,975,609
9717,80,101,1,837,1,993,657
9718,83,66,1,755,1,859,595
9719,99,68,1,755,0,880,584
9721,60,50,1,575,0,657,460
9722,41,61,1,543,0,634,427
9723,50,55,1,396,0,478,289
9724,100,86,1,824,0,978,628
9725,75,106,1,783,0,985,608
9726,82,106,1,606,0,782,409
9727,55,40,1,396,0,454,298
9728,91,64,1,805,2,937,642
9729,82,71,1,708,1,802,546
9731,63,37,1,485,0,548,382
9732,9,4,1,71,0,76,58
9733,23,24,1,204,0,221,158
9734,47,43,1,535,0,603,428
9735,71,81,1,699,1,807,540
9736,60,61,1,651,0,729,523
9737,73,69,1,715,1,782,569
9738,81,103,1,680,2,850,484
9739,66,116,1,681,0,912,496
9741,101,212,1,679,2,1064,362
9742,69,80,1,530,0,669,378
9743,102,116,1,907,1,1159,680
9744,81,118,1,763,0,968,536
9745,98,110,1,762,1,1052,545
9746,94,83,1,783,0,903,589
9747,92,100,1,797,0,989,601
9748,71,96,1,809,0,981,632
9749,89,79,1,686,0,969,511
9751,100,110,1,908,0,1011,682
9752,54,55,1,626,0,721,513
9753,75,59,1,636,0,777,502
9754,64,67,1,648,0,744,504
9755,61,46,1,492,0,605,384
9756,89,110,1,784,1,980,574
9801,52,48,1,339,0,434,235
9900,0,0,1,0,0,0,0
9901,0,0,1,0,0,0,0
9902,0,0,1,0,0,0,0
