precinctid,no,under_vote,precincts,ballots_cast,over_vote,registration,yes
1101,83,51,1,446,0,586,309
1102,159,72,1,810,0,996,575
1103,148,75,1,781,0,971,550
1104,135,80,1,763,0,991,550
1106,127,67,1,600,0,808,398
1107,107,51,1,506,0,781,345
1108,137,77,1,744,0,951,522
1109,143,50,1,617,0,809,418
1111,144,77,1,717,0,1031,486
1112,126,52,1,557,0,765,370
1113,111,40,1,547,0,713,386
1114,132,78,1,741,0,971,531
1115,149,80,1,746,0,910,511
1116,110,80,1,636,1,913,439
1117,135,61,1,644,0,886,440
1118,162,71,1,776,0,1031,535
1119,92,67,1,587,0,783,423
1121,124,47,1,525,1,691,352
1122,111,47,1,482,0,658,323
1123,112,66,1,646,0,954,469
1124,106,62,1,556,0,831,382
1125,147,89,1,745,0,1029,504
1126,145,77,1,701,0,954,469
1127,170,74,1,685,0,911,440
1128,139,85,1,686,0,907,456
1129,146,91,1,703,0,951,462
1131,114,71,1,574,0,853,387
1132,145,90,1,721,0,982,482
1133,126,70,1,661,0,870,456
1134,123,60,1,593,0,793,409
1135,95,36,1,421,0,521,287
1136,141,62,1,669,0,857,459
1141,156,81,1,812,0,1047,572
1142,122,70,1,667,0,858,461
1143,119,76,1,801,0,1056,594
1144,162,76,1,713,0,928,475
1145,144,59,1,753,0,931,539
1146,147,85,1,791,0,1036,554
1147,133,60,1,734,0,927,536
1148,166,80,1,727,0,992,476
1149,159,73,1,747,0,950,512
1151,0,0,1,0,0,0,0
1152,144,69,1,671,1,898,454
1153,148,79,1,749,0,961,513
1154,0,0,1,0,0,0,0
7001,87,49,1,559,0,742,423
7002,174,111,1,997,0,1225,711
7003,131,69,1,834,0,927,630
7004,100,64,1,808,0,896,635
7005,94,64,1,755,0,853,590
7006,103,63,1,799,0,966,625
7007,131,77,1,870,0,987,651
7008,115,64,1,820,0,882,631
7009,112,57,1,750,1,931,575
7011,74,59,1,621,1,1063,483
7012,134,89,1,925,0,1034,690
7013,92,50,1,640,0,733,493
7014,146,78,1,928,0,1073,693
7015,9,9,1,81,0,113,61
7016,114,70,1,593,0,977,410
7017,53,51,1,469,0,786,367
7018,141,74,1,672,0,992,451
7019,139,74,1,696,0,945,480
7021,91,55,1,631,0,993,478
7022,100,61,1,667,0,1032,494
7023,114,69,1,671,0,938,474
7024,15,8,1,119,0,309,94
7025,33,27,1,266,0,505,205
7026,182,76,1,700,0,1022,429
7027,101,87,1,577,0,879,384
7028,75,58,1,544,0,900,413
7029,72,81,1,525,1,924,365
7030,172,67,1,558,0,787,316
7031,78,59,1,392,0,511,248
7032,104,72,1,589,2,938,401
7033,108,77,1,546,1,814,360
7034,49,46,1,515,0,954,417
7035,54,35,1,341,0,476,251
7036,114,56,1,596,0,967,421
7037,40,49,1,379,0,840,287
7038,129,72,1,595,0,960,393
7039,150,50,1,625,0,831,419
7041,10,11,1,42,0,62,22
7042,99,59,1,514,0,697,353
7043,117,62,1,640,0,990,455
7044,77,58,1,415,0,867,282
7045,143,52,1,531,0,803,333
7046,72,30,1,319,0,435,211
7047,142,67,1,602,0,858,386
7048,88,61,1,518,0,877,366
7049,134,71,1,534,0,829,325
7051,151,85,1,612,0,909,370
7052,190,60,1,675,0,894,420
7053,74,51,1,462,0,552,324
7054,126,69,1,683,0,1068,486
7101,19,16,1,126,0,150,90
7201,172,86,1,868,0,983,641
7202,149,68,1,752,0,885,525
7203,151,101,1,840,0,950,566
7204,141,86,1,833,0,933,593
7205,143,80,1,815,0,903,586
7206,66,31,1,340,0,390,240
7207,93,89,1,595,0,712,406
7208,70,89,1,539,2,635,370
7209,76,48,1,491,0,563,358
7301,141,113,1,813,0,1080,557
7302,140,90,1,732,0,862,497
7303,126,110,1,851,0,1032,614
7304,133,110,1,828,0,993,580
7305,136,77,1,772,0,906,539
7306,141,117,1,882,0,1076,595
7307,113,91,1,674,0,826,460
7308,85,63,1,548,0,641,394
7309,117,83,1,764,0,897,552
7311,119,120,1,853,0,986,596
7312,151,100,1,768,0,874,510
7313,152,93,1,798,0,1001,535
7314,69,104,1,511,1,833,326
7315,84,88,1,597,0,783,413
7316,114,89,1,661,0,893,453
7317,126,73,1,743,1,938,528
7318,128,114,1,689,0,788,434
7319,179,106,1,908,1,1123,606
7321,88,76,1,493,0,683,322
7322,80,111,1,526,0,937,329
7323,116,98,1,727,0,888,501
7324,89,86,1,601,0,756,412
7325,130,96,1,792,0,973,553
7326,128,85,1,749,0,922,526
7327,79,93,1,434,0,762,260
7328,77,156,1,617,1,1024,383
7329,76,57,1,454,0,607,319
7331,123,89,1,793,1,933,565
7332,82,86,1,718,0,889,540
7333,131,132,1,888,0,1101,610
7334,107,104,1,774,0,963,549
7335,133,106,1,894,0,1002,639
7336,139,128,1,883,0,1017,603
7337,102,98,1,755,1,944,543
7338,113,135,1,695,0,1005,438
7339,60,63,1,495,0,660,368
7341,97,89,1,765,0,974,569
7342,115,80,1,791,0,1034,590
7343,64,69,1,618,0,746,481
7344,117,104,1,916,0,1143,689
7345,108,110,1,891,0,1186,662
7346,81,84,1,762,0,991,588
7347,83,87,1,841,0,1085,653
7348,85,74,1,647,0,957,474
7349,112,98,1,771,0,1006,550
7501,98,72,1,522,0,574,345
7502,127,97,1,694,0,808,460
7503,98,81,1,688,0,808,500
7504,37,67,1,420,1,503,301
7505,90,102,1,762,0,915,554
7506,96,94,1,798,0,1018,587
7507,97,73,1,631,1,992,457
7508,86,69,1,606,0,735,443
7509,106,91,1,825,0,1006,618
7512,68,60,1,493,0,638,360
7513,72,90,1,601,0,836,435
7514,63,86,1,544,0,886,389
7515,93,89,1,710,1,898,521
7516,114,103,1,759,0,907,537
7517,96,80,1,826,0,956,642
7518,105,82,1,858,0,993,664
7519,58,81,1,676,0,802,527
7521,51,76,1,726,0,854,589
7522,57,66,1,742,0,848,612
7523,56,63,1,689,0,821,563
7524,58,58,1,532,0,728,410
7525,54,65,1,636,0,870,507
7526,78,76,1,858,0,999,687
7527,69,65,1,624,0,773,476
7529,77,76,1,860,1,992,700
7531,63,80,1,805,1,954,656
7532,96,79,1,741,0,886,558
7533,91,75,1,910,0,1025,731
7534,60,70,1,775,0,967,636
7535,67,60,1,711,0,807,578
7536,69,75,1,775,1,895,622
7537,73,62,1,664,1,783,521
7538,78,67,1,736,0,831,580
7539,66,68,1,821,0,978,684
7541,89,56,1,728,0,865,580
7542,68,49,1,756,0,906,634
7543,64,78,1,806,0,993,661
7544,89,77,1,821,0,962,650
7545,98,88,1,833,0,970,639
7546,86,86,1,817,0,935,635
7547,63,80,1,837,0,1057,679
7548,78,84,1,894,0,1135,725
7549,68,79,1,734,0,854,579
7551,71,65,1,669,0,762,527
7552,71,55,1,678,0,756,541
7553,18,23,1,168,0,187,123
7554,73,72,1,769,0,859,610
7555,96,92,1,846,0,893,646
7556,129,79,1,906,0,1008,688
7601,63,70,1,588,0,929,447
7602,55,69,1,689,0,962,561
7603,59,60,1,690,0,888,563
7604,82,59,1,677,0,989,529
7605,47,58,1,428,0,771,323
7606,78,81,1,640,0,992,477
7607,77,82,1,710,0,1055,538
7608,34,41,1,244,0,456,165
7609,61,116,1,551,0,1051,369
7611,60,82,1,479,0,898,329
7612,65,57,1,418,0,668,289
7613,64,73,1,617,1,1015,470
7614,85,86,1,793,0,1177,618
7615,74,70,1,528,1,1020,376
7616,102,70,1,807,0,981,628
7617,56,85,1,516,0,898,366
7618,91,58,1,689,0,948,539
7619,169,173,1,1485,0,1971,1134
7621,90,84,1,800,0,1082,620
7622,47,79,1,534,0,1007,400
7623,52,60,1,467,0,839,349
7624,56,71,1,565,0,1074,431
7625,98,94,1,617,0,896,419
7626,156,94,1,1011,0,1177,752
7627,224,146,1,1326,0,1586,934
7628,95,71,1,720,0,1006,549
7629,66,59,1,577,0,837,446
7631,128,102,1,915,0,1143,682
7632,60,40,1,532,0,727,430
7633,77,71,1,574,0,731,422
7634,95,86,1,706,0,1017,517
7635,90,55,1,643,0,868,490
7636,140,92,1,784,0,993,546
7637,194,146,1,1151,0,1361,804
7638,226,110,1,1135,0,1285,782
7639,157,102,1,891,0,1011,617
7641,156,69,1,795,1,977,553
7642,109,165,1,810,0,967,520
7643,130,104,1,758,1,959,513
7644,141,121,1,925,1,1111,652
7645,73,73,1,587,0,669,429
7646,267,172,1,1893,0,2163,1419
7647,72,68,1,598,0,1028,452
7648,0,0,1,3,0,4,3
7701,132,106,1,914,0,1049,666
7702,137,71,1,663,0,775,447
7703,9,13,1,100,0,178,71
7704,222,91,1,881,0,1006,557
7705,143,42,1,495,0,554,307
7706,180,65,1,773,0,853,528
7707,148,77,1,784,0,854,550
7708,141,76,1,783,0,894,554
7709,73,34,1,354,0,390,242
7711,119,65,1,685,0,789,495
7712,77,51,1,518,0,577,382
7801,132,84,1,964,0,975,742
7802,84,73,1,723,0,760,559
7803,112,63,1,774,0,827,590
7804,114,75,1,876,0,932,679
7805,63,62,1,761,0,852,632
7806,72,50,1,663,0,746,534
7807,63,41,1,671,0,774,564
7808,51,48,1,578,0,702,475
7809,117,90,1,1091,0,1234,876
7811,59,45,1,696,0,806,580
7812,95,70,1,752,0,892,587
7813,99,81,1,943,0,1061,752
7814,75,60,1,667,1,919,527
7815,96,77,1,879,0,967,699
7816,108,44,1,823,0,896,662
7817,51,52,1,711,0,804,602
7818,74,49,1,787,0,889,656
7819,79,55,1,682,1,809,540
7821,129,61,1,916,0,998,719
7822,88,62,1,776,0,951,625
7823,92,53,1,806,1,928,656
7824,93,45,1,665,0,794,521
7825,51,33,1,521,0,578,434
7826,53,54,1,633,0,709,520
7827,72,60,1,758,0,931,617
7828,135,79,1,924,0,1053,700
7829,145,49,1,841,0,904,641
7831,88,57,1,803,0,906,654
7832,100,43,1,759,0,824,607
7833,78,42,1,710,0,785,582
7834,72,66,1,775,0,901,629
7835,127,58,1,785,0,863,591
7836,152,60,1,903,0,990,684
7837,104,77,1,840,0,934,651
7838,124,63,1,839,0,933,648
7839,105,53,1,785,0,869,609
7841,75,58,1,839,0,947,696
7842,84,55,1,864,0,960,716
7843,66,47,1,679,0,802,558
7844,54,46,1,594,0,682,490
7845,117,71,1,783,0,869,592
7846,99,59,1,814,0,925,644
7847,106,67,1,843,0,960,664
7848,92,67,1,818,0,905,655
7849,91,49,1,864,0,967,723
7851,102,36,1,472,0,528,330
7852,113,34,1,584,0,644,430
7853,104,67,1,770,1,896,590
7854,105,69,1,825,0,933,641
7855,97,71,1,870,0,968,694
7856,89,74,1,769,0,849,598
7857,94,38,1,854,0,963,715
7858,73,42,1,674,0,791,552
7859,127,64,1,834,0,915,635
7861,126,65,1,776,0,881,560
7862,102,73,1,815,0,923,632
7863,84,64,1,819,0,939,666
7864,97,53,1,703,0,815,553
7865,96,66,1,754,0,853,581
7866,154,59,1,746,1,831,528
7867,129,56,1,822,0,946,632
7868,109,49,1,764,0,901,593
7869,108,55,1,789,1,874,619
7871,118,57,1,804,0,909,625
7872,103,65,1,819,0,902,650
7873,99,50,1,788,0,874,632
7874,67,27,1,408,1,482,311
7875,57,45,1,525,0,628,421
7901,96,103,1,952,0,1286,752
7902,84,60,1,842,0,1064,683
7903,72,55,1,652,0,929,519
7904,65,56,1,694,0,926,566
7905,82,43,1,718,0,851,587
7906,56,59,1,653,0,854,534
7907,75,84,1,834,0,991,665
7908,89,96,1,872,0,1008,680
7909,55,67,1,644,0,787,519
7911,105,61,1,734,0,907,558
7912,71,96,1,874,0,1090,700
7913,98,54,1,800,0,964,642
7914,86,60,1,752,0,895,598
7915,76,59,1,716,0,892,579
7916,57,52,1,768,1,953,652
7917,76,66,1,868,0,1073,715
7918,68,56,1,697,0,860,570
7919,55,62,1,767,0,928,649
7921,82,51,1,694,1,970,555
7922,48,65,1,705,0,884,582
7923,67,58,1,689,0,930,563
7924,89,58,1,696,0,883,545
7925,49,34,1,483,0,591,397
7926,65,53,1,695,0,820,565
7927,75,42,1,688,0,782,568
7928,88,49,1,849,0,976,702
7929,78,43,1,780,0,871,656
7931,80,52,1,687,0,765,548
7932,62,45,1,482,0,557,385
7933,1,0,1,7,0,8,6
7934,60,62,1,772,1,888,644
7935,85,64,1,851,0,949,695
7936,61,53,1,764,0,876,644
7937,87,69,1,780,0,909,616
7938,56,45,1,636,1,808,531
7939,49,42,1,593,0,674,494
7941,81,66,1,655,0,790,505
7942,114,66,1,769,0,950,574
7943,118,70,1,780,0,938,589
7944,92,55,1,692,0,830,541
7945,78,79,1,663,0,926,500
7946,166,75,1,716,0,976,467
7947,170,87,1,717,1,964,453
7948,181,78,1,721,0,933,452
7949,113,47,1,433,0,594,270
7951,151,89,1,645,0,841,398
7952,157,69,1,651,0,865,414
7953,132,63,1,677,0,853,481
7954,0,0,1,0,0,0,0
7955,156,70,1,684,0,899,450
7956,115,93,1,579,0,779,361
7957,106,53,1,524,0,664,361
7958,33,18,1,199,0,291,145
9001,41,16,1,197,0,269,139
9101,156,88,1,740,0,899,488
9102,152,97,1,817,0,989,556
9103,169,94,1,786,0,971,517
9104,130,85,1,795,0,1004,566
9105,165,88,1,817,0,975,557
9106,142,101,1,819,0,938,562
9107,116,72,1,679,0,859,481
9108,114,77,1,691,0,815,495
9109,151,96,1,749,1,875,497
9111,104,74,1,637,0,785,451
9112,129,85,1,804,0,975,583
9113,159,91,1,853,1,1008,589
9114,115,105,1,749,0,913,525
9115,114,88,1,761,0,948,548
9116,139,92,1,811,0,986,562
9117,143,61,1,670,0,785,461
9118,175,102,1,780,0,987,491
9119,161,99,1,744,0,911,482
9121,155,93,1,758,0,950,499
9122,148,98,1,769,0,976,515
9123,142,104,1,740,0,902,494
9124,142,86,1,730,0,940,494
9125,143,98,1,740,0,911,488
9126,169,102,1,820,0,978,546
9127,146,103,1,819,0,985,567
9128,132,79,1,727,0,859,512
9129,113,75,1,621,0,772,425
9131,121,70,1,661,0,806,463
9132,93,83,1,701,0,898,519
9133,135,103,1,888,1,1083,644
9134,127,93,1,767,0,937,534
9135,158,77,1,652,1,831,408
9136,161,92,1,788,0,952,527
9137,164,96,1,785,0,977,511
9138,172,86,1,771,0,930,503
9139,194,92,1,831,1,1004,536
9141,183,80,1,794,0,963,526
9142,158,93,1,843,0,1003,582
9143,134,94,1,747,0,921,504
9144,172,95,1,832,0,983,554
9145,129,78,1,753,0,889,538
9146,103,92,1,799,0,929,599
9147,123,80,1,818,0,983,606
9148,151,78,1,869,0,1007,626
9149,119,95,1,842,0,976,614
9151,118,84,1,704,0,858,489
9152,61,90,1,636,1,842,473
9201,126,67,1,893,0,1047,696
9202,117,98,1,806,0,962,588
9203,189,112,1,857,0,1006,542
9204,172,96,1,733,0,849,456
9205,109,84,1,652,0,760,450
9206,216,108,1,822,0,960,490
9207,175,121,1,845,1,980,535
9208,161,122,1,897,0,1028,603
9209,138,90,1,646,0,750,405
9211,146,128,1,778,0,910,494
9212,141,95,1,746,0,857,494
9213,171,101,1,853,0,987,573
9214,103,71,1,539,0,632,361
9215,123,67,1,566,0,645,367
9216,144,97,1,726,0,861,466
9217,116,84,1,662,0,761,449
9218,134,95,1,730,1,868,486
9219,145,121,1,719,0,829,447
9221,164,60,1,637,0,662,408
9222,169,95,1,811,0,889,526
9223,108,86,1,573,0,664,370
9224,162,90,1,863,0,993,598
9225,157,139,1,926,0,994,607
9226,155,92,1,833,0,960,576
9227,161,66,1,665,0,759,427
9228,159,69,1,651,0,725,420
9229,98,62,1,555,0,615,388
9231,147,88,1,869,0,1006,626
9232,136,79,1,695,1,746,468
9233,157,88,1,736,0,816,484
9234,121,82,1,664,0,759,444
9235,181,85,1,818,0,907,539
9236,133,70,1,600,0,682,384
9237,145,102,1,824,0,941,563
9238,182,103,1,809,0,846,508
9239,164,115,1,838,0,885,544
9241,173,101,1,894,0,1027,606
9242,150,101,1,885,0,1023,625
9243,97,72,1,555,0,611,378
9244,104,104,1,824,0,940,607
9245,109,68,1,627,0,725,440
9246,148,92,1,842,0,964,590
9247,131,102,1,885,1,1004,640
9248,126,89,1,846,1,955,620
9249,130,94,1,807,0,926,568
9251,165,97,1,871,0,982,601
9252,166,74,1,837,0,943,584
9253,131,92,1,709,0,808,474
9254,138,89,1,871,0,951,632
9255,78,39,1,518,0,577,394
9256,44,31,1,342,0,403,262
9257,31,31,1,287,0,339,217
9258,99,60,1,645,0,715,481
9401,132,86,1,815,0,1014,591
9402,150,88,1,816,0,1028,569
9403,163,79,1,739,0,933,489
9404,165,83,1,744,0,921,492
9405,167,74,1,699,0,818,447
9406,162,83,1,791,0,916,540
9407,141,79,1,728,0,941,499
9408,97,83,1,704,0,879,519
9409,71,60,1,524,0,626,393
9411,125,77,1,840,0,1051,616
9412,154,83,1,703,0,885,465
9413,163,88,1,742,0,907,477
9414,165,80,1,740,0,894,488
9415,145,67,1,637,0,798,419
9416,154,110,1,806,0,1018,533
9417,168,68,1,604,0,759,362
9418,188,66,1,642,1,814,377
9419,179,87,1,708,0,902,435
9421,197,103,1,732,0,929,430
9422,197,106,1,887,0,1082,572
9423,157,82,1,718,0,909,473
9424,183,75,1,756,0,951,489
9425,183,95,1,748,0,964,464
9426,180,78,1,663,0,835,398
9427,214,87,1,733,0,963,430
9428,171,64,1,754,0,963,514
9429,196,92,1,707,0,909,414
9431,229,93,1,821,0,1024,488
9432,177,97,1,718,0,913,441
9433,215,105,1,759,0,973,434
9434,184,79,1,803,0,997,534
9435,196,96,1,765,1,969,462
9436,199,108,1,783,0,994,467
9437,169,91,1,713,0,954,443
9438,236,83,1,791,0,1000,466
9439,179,85,1,690,0,903,423
9441,200,74,1,800,0,1004,519
9442,184,90,1,809,0,1027,528
9443,169,75,1,748,0,937,498
9444,186,88,1,720,0,955,436
9445,177,81,1,751,0,993,482
9446,246,82,1,912,0,1084,575
9447,166,78,1,761,0,954,509
9448,183,75,1,728,0,950,461
9449,183,73,1,639,0,820,378
9451,117,36,1,370,0,438,213
9452,201,76,1,701,0,829,415
9453,114,47,1,415,0,502,248
9501,16,17,1,131,0,153,94
9502,21,20,1,209,0,233,166
9503,72,105,1,674,2,822,480
9505,80,71,1,617,0,804,464
9506,62,57,1,602,0,810,481
9507,71,61,1,638,0,783,501
9508,58,68,1,720,0,862,588
9509,77,58,1,661,0,758,517
9511,70,62,1,529,0,630,389
9512,77,63,1,709,0,848,563
9513,58,81,1,766,0,952,623
9514,94,93,1,832,0,959,639
9515,101,69,1,646,0,748,469
9516,102,99,1,763,0,922,556
9517,69,88,1,713,0,854,542
9518,65,71,1,707,0,826,554
9519,94,107,1,790,0,922,581
9521,90,87,1,827,0,947,637
9701,88,80,1,571,0,664,398
9702,74,69,1,640,0,760,488
9703,198,92,1,818,0,989,523
9704,183,81,1,836,0,971,562
9705,123,98,1,836,0,954,602
9706,6,9,1,54,0,54,38
9707,198,66,1,679,0,805,412
9708,136,88,1,829,0,956,591
9709,213,86,1,848,0,1029,538
9711,137,56,1,572,0,643,370
9712,149,61,1,593,0,656,373
9713,208,89,1,782,0,974,477
9714,219,96,1,825,0,941,499
9715,124,54,1,521,0,580,330
9716,207,94,1,791,0,975,487
9717,205,98,1,837,0,993,536
9718,165,71,1,755,0,859,509
9719,174,67,1,755,0,880,510
9721,136,49,1,575,1,657,384
9722,133,60,1,543,0,634,336
9723,134,49,1,396,0,478,211
9724,289,82,1,824,0,978,443
9725,233,93,1,783,0,985,463
9726,96,91,1,606,0,782,410
9727,107,37,1,396,0,454,249
9728,232,65,1,805,0,937,502
9729,193,71,1,708,0,802,436
9731,144,40,1,485,0,548,298
9732,17,8,1,71,0,76,46
9733,32,21,1,204,0,221,152
9734,140,49,1,535,0,603,329
9735,189,76,1,699,0,807,428
9736,153,54,1,651,0,729,437
9737,132,73,1,715,0,782,507
9738,111,96,1,680,0,850,463
9739,94,88,1,681,0,912,496
9741,38,157,1,679,0,1064,482
9742,139,69,1,530,0,669,319
9743,105,103,1,907,0,1159,691
9744,96,94,1,763,0,968,545
9745,90,80,1,762,0,1052,584
9746,191,93,1,783,0,903,482
9747,156,99,1,797,0,989,538
9748,161,87,1,809,0,981,551
9749,116,86,1,686,0,969,477
9751,210,116,1,908,0,1011,566
9752,136,45,1,626,0,721,441
9753,118,56,1,636,0,777,462
9754,108,56,1,648,0,744,471
9755,90,49,1,492,0,605,352
9756,167,79,1,784,0,980,528
9801,70,38,1,339,0,434,227
9900,0,0,1,0,0,0,0
9901,0,0,1,0,0,0,0
9902,0,0,1,0,0,0,0
