precinctid,no,under_vote,precincts,ballots_cast,over_vote,registration,yes
1101,180,36,1,446,0,586,225
1102,356,80,1,810,0,996,371
1103,326,72,1,781,1,971,377
1104,315,77,1,763,1,991,372
1106,212,64,1,600,0,808,317
1107,181,42,1,506,1,781,277
1108,272,78,1,744,0,951,388
1109,241,74,1,617,0,809,297
1111,247,98,1,717,0,1031,363
1112,216,73,1,557,1,765,260
1113,232,65,1,547,0,713,243
1114,300,91,1,741,0,971,347
1115,249,96,1,746,0,910,394
1116,236,80,1,636,1,913,316
1117,256,67,1,644,0,886,314
1118,294,76,1,776,0,1031,398
1119,209,75,1,587,0,783,299
1121,194,75,1,525,0,691,255
1122,195,55,1,482,0,658,230
1123,245,78,1,646,5,954,316
1124,214,75,1,556,0,831,260
1125,282,91,1,745,2,1029,368
1126,280,83,1,701,0,954,330
1127,248,78,1,685,0,911,358
1128,231,89,1,686,0,907,361
1129,264,88,1,703,2,951,345
1131,229,73,1,574,0,853,268
1132,287,107,1,721,0,982,319
1133,268,69,1,661,0,870,316
1134,202,72,1,593,1,793,317
1135,173,37,1,421,0,521,208
1136,259,81,1,669,0,857,326
1141,313,78,1,812,0,1047,419
1142,246,72,1,667,2,858,334
1143,264,86,1,801,1,1056,443
1144,261,76,1,713,1,928,375
1145,298,69,1,753,0,931,378
1146,294,82,1,791,0,1036,411
1147,310,65,1,734,0,927,353
1148,289,73,1,727,0,992,360
1149,281,72,1,747,0,950,390
1151,0,0,1,0,0,0,0
1152,276,63,1,671,1,898,328
1153,295,80,1,749,0,961,366
1154,0,0,1,0,0,0,0
7001,251,69,1,559,1,742,236
7002,401,121,1,997,0,1225,472
7003,366,73,1,834,2,927,391
7004,354,71,1,808,0,896,374
7005,318,71,1,755,0,853,361
7006,398,76,1,799,0,966,322
7007,350,95,1,870,1,987,414
7008,342,87,1,820,0,882,381
7009,288,77,1,750,1,931,382
7011,234,76,1,621,0,1063,307
7012,407,83,1,925,0,1034,426
7013,312,70,1,640,1,733,254
7014,408,91,1,928,1,1073,423
7015,30,9,1,81,0,113,42
7016,248,69,1,593,1,977,275
7017,181,56,1,469,0,786,233
7018,264,80,1,672,1,992,324
7019,288,71,1,696,2,945,331
7021,248,59,1,631,0,993,317
7022,263,75,1,667,0,1032,318
7023,272,62,1,671,0,938,328
7024,38,10,1,119,1,309,69
7025,91,37,1,266,0,505,136
7026,219,80,1,700,0,1022,389
7027,210,90,1,577,1,879,270
7028,211,51,1,544,0,900,280
7029,199,74,1,525,0,924,249
7030,196,81,1,558,0,787,279
7031,130,50,1,392,0,511,207
7032,225,71,1,589,2,938,286
7033,206,69,1,546,0,814,270
7034,210,64,1,515,0,954,238
7035,152,19,1,341,1,476,168
7036,206,72,1,596,0,967,318
7037,135,61,1,379,0,840,182
7038,234,90,1,595,0,960,269
7039,245,66,1,625,0,831,314
7041,12,7,1,42,0,62,24
7042,198,51,1,514,0,697,263
7043,264,62,1,640,0,990,309
7044,164,47,1,415,0,867,205
7045,220,68,1,531,0,803,242
7046,128,31,1,319,0,435,156
7047,250,72,1,602,0,858,274
7048,210,58,1,518,0,877,246
7049,200,88,1,534,0,829,242
7051,224,83,1,612,1,909,299
7052,260,88,1,675,0,894,324
7053,173,52,1,462,0,552,229
7054,299,67,1,683,0,1068,314
7101,41,18,1,126,0,150,66
7201,360,91,1,868,1,983,403
7202,325,78,1,752,2,885,337
7203,372,96,1,840,1,950,354
7204,350,86,1,833,0,933,388
7205,367,77,1,815,1,903,365
7206,144,23,1,340,0,390,173
7207,219,84,1,595,0,712,285
7208,238,60,1,539,0,635,233
7209,259,38,1,491,0,563,189
7301,292,114,1,813,0,1080,402
7302,292,93,1,732,0,862,344
7303,356,109,1,851,0,1032,385
7304,368,98,1,828,1,993,359
7305,338,91,1,772,0,906,328
7306,334,119,1,882,0,1076,403
7307,268,87,1,674,1,826,308
7308,231,58,1,548,0,641,254
7309,317,107,1,764,1,897,331
7311,338,119,1,853,0,986,385
7312,358,103,1,768,0,874,301
7313,319,106,1,798,0,1001,362
7314,131,102,1,511,1,833,267
7315,205,77,1,597,0,783,304
7316,242,98,1,661,1,893,317
7317,302,74,1,743,1,938,356
7318,251,102,1,689,0,788,326
7319,376,116,1,908,0,1123,408
7321,198,67,1,493,0,683,222
7322,140,139,1,526,0,937,244
7323,321,102,1,727,0,888,293
7324,217,97,1,601,0,756,277
7325,332,117,1,792,0,973,331
7326,299,95,1,749,0,922,344
7327,134,92,1,434,0,762,207
7328,162,172,1,617,0,1024,286
7329,197,64,1,454,0,607,190
7331,351,79,1,793,1,933,350
7332,274,83,1,718,0,889,353
7333,380,117,1,888,1,1101,376
7334,297,109,1,774,0,963,358
7335,373,105,1,894,1,1002,401
7336,361,96,1,883,2,1017,415
7337,309,77,1,755,2,944,361
7338,246,136,1,695,0,1005,307
7339,190,60,1,495,0,660,240
7341,279,90,1,765,0,974,386
7342,332,83,1,791,0,1034,370
7343,231,80,1,618,0,746,303
7344,313,95,1,916,1,1143,501
7345,368,118,1,891,0,1186,395
7346,298,84,1,762,1,991,376
7347,289,98,1,841,0,1085,441
7348,238,85,1,647,0,957,312
7349,334,106,1,771,1,1006,319
7501,235,62,1,522,1,574,217
7502,327,78,1,694,1,808,283
7503,286,86,1,688,1,808,309
7504,165,54,1,420,0,503,191
7505,360,77,1,762,0,915,312
7506,321,80,1,798,3,1018,380
7507,254,57,1,631,0,992,317
7508,226,59,1,606,1,735,319
7509,312,105,1,825,0,1006,398
7512,208,60,1,493,0,638,222
7513,224,89,1,601,1,836,285
7514,219,76,1,544,1,886,247
7515,300,72,1,710,1,898,333
7516,300,101,1,759,0,907,352
7517,354,81,1,826,0,956,382
7518,387,81,1,858,1,993,384
7519,286,70,1,676,0,802,308
7521,284,77,1,726,0,854,355
7522,356,66,1,742,1,848,313
7523,312,67,1,689,0,821,307
7524,218,56,1,532,0,728,254
7525,255,69,1,636,0,870,303
7526,369,104,1,858,1,999,375
7527,267,63,1,624,0,773,284
7529,387,90,1,860,0,992,378
7531,353,81,1,805,0,954,366
7532,348,105,1,741,0,886,287
7533,407,86,1,910,1,1025,403
7534,339,70,1,775,1,967,360
7535,298,59,1,711,0,807,347
7536,314,82,1,775,0,895,371
7537,274,75,1,664,0,783,307
7538,294,73,1,736,1,831,361
7539,376,75,1,821,0,978,368
7541,340,70,1,728,1,865,312
7542,320,67,1,756,0,906,367
7543,352,92,1,806,1,993,356
7544,375,83,1,821,0,962,359
7545,344,88,1,833,0,970,393
7546,352,74,1,817,0,935,380
7547,356,95,1,837,0,1057,377
7548,386,74,1,894,0,1135,428
7549,290,75,1,734,1,854,362
7551,296,68,1,669,0,762,301
7552,322,61,1,678,1,756,285
7553,59,18,1,168,0,187,90
7554,356,72,1,769,1,859,328
7555,389,77,1,846,1,893,371
7556,445,67,1,906,0,1008,386
7601,216,71,1,588,0,929,295
7602,273,81,1,689,1,962,331
7603,266,61,1,690,0,888,361
7604,281,72,1,677,0,989,318
7605,151,71,1,428,1,771,205
7606,237,89,1,640,1,992,309
7607,267,83,1,710,1,1055,352
7608,75,50,1,244,0,456,118
7609,143,98,1,551,0,1051,306
7611,149,83,1,479,0,898,243
7612,162,59,1,418,0,668,193
7613,224,75,1,617,1,1015,311
7614,290,97,1,793,0,1177,403
7615,180,75,1,528,0,1020,268
7616,341,97,1,807,0,981,363
7617,155,87,1,516,2,898,264
7618,288,66,1,689,0,948,334
7619,603,186,1,1485,1,1971,692
7621,298,97,1,800,0,1082,399
7622,181,68,1,534,1,1007,278
7623,170,47,1,467,0,839,243
7624,222,76,1,565,0,1074,264
7625,195,116,1,617,1,896,296
7626,422,105,1,1011,0,1177,477
7627,579,154,1,1326,0,1586,577
7628,304,67,1,720,0,1006,346
7629,244,62,1,577,0,837,264
7631,398,102,1,915,2,1143,409
7632,252,39,1,532,1,727,236
7633,213,83,1,574,1,731,276
7634,301,90,1,706,0,1017,312
7635,261,78,1,643,0,868,298
7636,327,88,1,784,1,993,364
7637,471,135,1,1151,1,1361,539
7638,523,140,1,1135,0,1285,462
7639,416,104,1,891,0,1011,360
7641,378,73,1,795,0,977,335
7642,260,160,1,810,0,967,378
7643,315,108,1,758,0,959,333
7644,334,126,1,925,1,1111,456
7645,254,59,1,587,0,669,268
7646,840,180,1,1893,2,2163,852
7647,223,72,1,598,1,1028,298
7648,1,1,1,3,0,4,2
7701,416,93,1,914,0,1049,392
7702,308,75,1,663,0,775,278
7703,30,20,1,100,0,178,46
7704,411,77,1,881,1,1006,385
7705,258,45,1,495,0,554,188
7706,365,69,1,773,0,853,339
7707,382,70,1,784,0,854,322
7708,339,81,1,783,0,894,351
7709,151,30,1,354,0,390,170
7711,321,70,1,685,0,789,288
7712,224,55,1,518,2,577,232
7801,491,71,1,964,0,975,396
7802,330,65,1,723,0,760,322
7803,390,65,1,774,0,827,312
7804,439,76,1,876,1,932,355
7805,350,65,1,761,0,852,343
7806,341,55,1,663,1,746,262
7807,348,53,1,671,2,774,265
7808,274,66,1,578,0,702,235
7809,476,116,1,1091,1,1234,488
7811,317,58,1,696,1,806,314
7812,355,70,1,752,2,892,320
7813,415,102,1,943,1,1061,414
7814,270,74,1,667,1,919,314
7815,391,82,1,879,0,967,401
7816,426,69,1,823,0,896,324
7817,333,55,1,711,0,804,320
7818,355,66,1,787,1,889,361
7819,326,74,1,682,1,809,276
7821,464,70,1,916,1,998,376
7822,371,66,1,776,1,951,336
7823,418,59,1,806,0,928,325
7824,319,55,1,665,0,794,284
7825,249,38,1,521,2,578,231
7826,277,57,1,633,0,709,295
7827,352,79,1,758,0,931,319
7828,426,79,1,924,0,1053,415
7829,436,59,1,841,0,904,343
7831,384,70,1,803,0,906,346
7832,329,70,1,759,1,824,355
7833,336,60,1,710,1,785,307
7834,355,87,1,775,0,901,325
7835,345,56,1,785,0,863,375
7836,377,78,1,903,1,990,443
7837,394,80,1,840,1,934,357
7838,417,65,1,839,0,933,358
7839,340,69,1,785,0,869,364
7841,394,65,1,839,0,947,370
7842,387,64,1,864,0,960,404
7843,297,61,1,679,0,802,318
7844,260,51,1,594,2,682,279
7845,328,84,1,783,0,869,368
7846,386,64,1,814,0,925,355
7847,369,80,1,843,1,960,389
7848,383,82,1,818,0,905,349
7849,419,71,1,864,0,967,373
7851,194,49,1,472,1,528,225
7852,235,52,1,584,0,644,292
7853,335,68,1,770,1,896,359
7854,363,83,1,825,1,933,373
7855,418,89,1,870,3,968,354
7856,347,89,1,769,0,849,322
7857,425,71,1,854,0,963,350
7858,343,65,1,674,0,791,262
7859,381,77,1,834,0,915,376
7861,363,70,1,776,0,881,326
7862,377,55,1,815,0,923,377
7863,356,87,1,819,2,939,367
7864,317,74,1,703,0,815,313
7865,340,79,1,754,1,853,325
7866,341,62,1,746,0,831,338
7867,333,66,1,822,0,946,421
7868,338,49,1,764,1,901,367
7869,364,69,1,789,0,874,353
7871,372,70,1,804,1,909,357
7872,398,79,1,819,1,902,340
7873,360,55,1,788,1,874,368
7874,160,46,1,408,0,482,202
7875,242,55,1,525,0,628,224
7901,417,106,1,952,1,1286,425
7902,348,72,1,842,2,1064,410
7903,262,65,1,652,1,929,317
7904,320,62,1,694,1,926,304
7905,279,66,1,718,0,851,368
7906,297,71,1,653,2,854,281
7907,337,94,1,834,0,991,397
7908,407,102,1,872,1,1008,359
7909,278,65,1,644,0,787,299
7911,312,62,1,734,0,907,359
7912,387,94,1,874,0,1090,383
7913,360,84,1,800,0,964,351
7914,318,66,1,752,0,895,364
7915,331,57,1,716,0,892,321
7916,335,65,1,768,0,953,366
7917,389,86,1,868,1,1073,385
7918,322,62,1,697,0,860,310
7919,347,74,1,767,0,928,345
7921,312,54,1,694,1,970,324
7922,340,69,1,705,1,884,287
7923,321,64,1,689,0,930,303
7924,317,70,1,696,0,883,307
7925,192,52,1,483,0,591,235
7926,298,59,1,695,0,820,329
7927,299,57,1,688,0,782,328
7928,331,59,1,849,1,976,450
7929,347,47,1,780,1,871,381
7931,243,43,1,687,1,765,392
7932,215,39,1,482,0,557,240
7933,1,0,1,7,0,8,6
7934,336,58,1,772,2,888,370
7935,349,66,1,851,1,949,433
7936,315,60,1,764,0,876,380
7937,332,70,1,780,0,909,371
7938,266,46,1,636,0,808,319
7939,234,44,1,593,0,674,308
7941,258,74,1,655,0,790,320
7942,313,65,1,769,1,950,378
7943,333,88,1,780,1,938,358
7944,278,52,1,692,0,830,359
7945,267,77,1,663,0,926,313
7946,289,79,1,716,1,976,341
7947,279,94,1,717,3,964,335
7948,301,74,1,721,0,933,335
7949,171,48,1,433,0,594,210
7951,241,93,1,645,2,841,308
7952,298,73,1,651,0,865,273
7953,278,72,1,677,0,853,330
7954,0,0,1,0,0,0,0
7955,271,85,1,684,0,899,319
7956,190,83,1,579,0,779,302
7957,224,47,1,524,0,664,250
7958,74,28,1,199,1,291,94
9001,87,17,1,197,0,269,93
9101,288,82,1,740,0,899,361
9102,332,87,1,817,2,989,387
9103,308,84,1,786,0,971,386
9104,290,85,1,795,1,1004,409
9105,331,93,1,817,2,975,387
9106,360,80,1,819,0,938,366
9107,293,75,1,679,0,859,299
9108,279,86,1,691,0,815,320
9109,297,79,1,749,0,875,365
9111,274,69,1,637,0,785,288
9112,350,85,1,804,1,975,362
9113,380,92,1,853,0,1008,372
9114,291,103,1,749,1,913,350
9115,338,82,1,761,0,948,332
9116,371,81,1,811,0,986,348
9117,292,66,1,670,0,785,309
9118,266,107,1,780,0,987,403
9119,300,82,1,744,2,911,356
9121,312,82,1,758,0,950,355
9122,300,103,1,769,0,976,362
9123,280,109,1,740,1,902,346
9124,271,97,1,730,1,940,353
9125,271,102,1,740,0,911,358
9126,352,120,1,820,1,978,344
9127,336,98,1,819,0,985,379
9128,312,88,1,727,0,859,321
9129,268,61,1,621,0,772,285
9131,281,79,1,661,0,806,296
9132,278,88,1,701,0,898,333
9133,376,96,1,888,0,1083,412
9134,343,100,1,767,3,937,312
9135,254,67,1,652,0,831,324
9136,298,84,1,788,0,952,400
9137,278,88,1,785,0,977,407
9138,307,79,1,771,0,930,379
9139,348,91,1,831,1,1004,381
9141,334,73,1,794,0,963,381
9142,336,77,1,843,2,1003,417
9143,302,86,1,747,0,921,350
9144,344,98,1,832,0,983,382
9145,308,73,1,753,0,889,365
9146,315,99,1,799,1,929,379
9147,327,80,1,818,0,983,405
9148,352,101,1,869,0,1007,408
9149,323,109,1,842,0,976,404
9151,267,87,1,704,0,858,340
9152,255,92,1,636,0,842,282
9201,365,73,1,893,0,1047,454
9202,352,86,1,806,1,962,362
9203,404,114,1,857,2,1006,322
9204,329,73,1,733,0,849,321
9205,301,89,1,652,1,760,254
9206,405,97,1,822,0,960,314
9207,390,94,1,845,0,980,350
9208,391,118,1,897,0,1028,377
9209,298,84,1,646,0,750,253
9211,319,118,1,778,1,910,332
9212,339,80,1,746,0,857,315
9213,347,98,1,853,0,987,398
9214,241,58,1,539,1,632,234
9215,267,64,1,566,0,645,228
9216,313,103,1,726,1,861,295
9217,292,83,1,662,0,761,278
9218,355,84,1,730,0,868,282
9219,303,112,1,719,0,829,302
9221,327,70,1,637,0,662,232
9222,402,86,1,811,2,889,304
9223,263,73,1,573,0,664,231
9224,398,88,1,863,0,993,365
9225,387,134,1,926,0,994,391
9226,391,105,1,833,0,960,329
9227,331,68,1,665,2,759,255
9228,336,62,1,651,4,725,248
9229,286,62,1,555,0,615,202
9231,412,95,1,869,0,1006,355
9232,336,64,1,695,0,746,284
9233,400,65,1,736,0,816,266
9234,343,71,1,664,0,759,232
9235,402,100,1,818,1,907,310
9236,272,55,1,600,0,682,261
9237,371,100,1,824,0,941,346
9238,392,77,1,809,1,846,329
9239,397,95,1,838,0,885,337
9241,408,103,1,894,0,1027,371
9242,426,92,1,885,1,1023,360
9243,246,66,1,555,0,611,240
9244,365,112,1,824,0,940,335
9245,268,76,1,627,2,725,273
9246,400,87,1,842,0,964,340
9247,367,100,1,885,1,1004,407
9248,372,94,1,846,0,955,369
9249,351,86,1,807,1,926,356
9251,416,88,1,871,0,982,361
9252,391,79,1,837,0,943,357
9253,304,101,1,709,0,808,292
9254,373,89,1,871,1,951,401
9255,242,53,1,518,1,577,218
9256,153,35,1,342,0,403,153
9257,113,33,1,287,0,339,135
9258,286,68,1,645,0,715,290
9401,282,85,1,815,2,1014,442
9402,321,103,1,816,1,1028,383
9403,276,79,1,739,0,933,376
9404,276,101,1,744,1,921,363
9405,253,72,1,699,1,818,367
9406,341,87,1,791,1,916,358
9407,254,97,1,728,1,941,367
9408,252,89,1,704,0,879,359
9409,222,66,1,524,0,626,234
9411,313,85,1,840,0,1051,424
9412,259,87,1,703,1,885,355
9413,273,106,1,742,1,907,352
9414,328,89,1,740,0,894,316
9415,257,75,1,637,0,798,299
9416,307,108,1,806,0,1018,383
9417,250,78,1,604,0,759,270
9418,265,80,1,642,0,814,290
9419,277,78,1,708,0,902,347
9421,296,106,1,732,0,929,327
9422,392,119,1,887,0,1082,370
9423,289,97,1,718,2,909,324
9424,296,79,1,756,0,951,374
9425,278,106,1,748,0,964,357
9426,248,89,1,663,0,835,322
9427,292,87,1,733,0,963,350
9428,294,84,1,754,1,963,373
9429,276,90,1,707,1,909,335
9431,340,97,1,821,0,1024,378
9432,277,119,1,718,1,913,316
9433,316,110,1,759,2,973,328
9434,342,76,1,803,0,997,381
9435,314,100,1,765,0,969,340
9436,314,112,1,783,0,994,349
9437,308,85,1,713,0,954,312
9438,323,101,1,791,1,1000,359
9439,261,92,1,690,1,903,333
9441,275,84,1,800,1,1004,437
9442,271,96,1,809,0,1027,434
9443,278,87,1,748,0,937,379
9444,284,100,1,720,0,955,330
9445,283,90,1,751,0,993,370
9446,342,102,1,912,1,1084,460
9447,338,98,1,761,0,954,317
9448,294,88,1,728,0,950,342
9449,257,78,1,639,0,820,299
9451,165,44,1,370,0,438,158
9452,280,70,1,701,0,829,345
9453,175,35,1,415,0,502,202
9501,51,13,1,131,0,153,63
9502,90,26,1,209,0,233,91
9503,279,78,1,674,0,822,301
9505,264,71,1,617,0,804,280
9506,245,48,1,602,0,810,305
9507,283,54,1,638,1,783,297
9508,312,63,1,720,0,862,340
9509,263,91,1,661,0,758,302
9511,223,59,1,529,1,630,242
9512,325,72,1,709,0,848,307
9513,358,76,1,766,0,952,327
9514,338,81,1,832,0,959,410
9515,286,77,1,646,0,748,277
9516,299,104,1,763,1,922,352
9517,296,77,1,713,0,854,334
9518,317,56,1,707,2,826,321
9519,361,79,1,790,1,922,344
9521,381,88,1,827,0,947,349
9701,210,70,1,571,0,664,284
9702,253,75,1,640,0,760,307
9703,331,99,1,818,0,989,380
9704,358,91,1,836,1,971,380
9705,360,98,1,836,0,954,366
9706,20,7,1,54,0,54,26
9707,275,66,1,679,1,805,336
9708,334,97,1,829,1,956,387
9709,349,93,1,848,0,1029,401
9711,262,44,1,572,0,643,260
9712,275,52,1,593,0,656,258
9713,316,84,1,782,0,974,373
9714,389,100,1,825,1,941,326
9715,275,47,1,521,2,580,189
9716,323,92,1,791,0,975,377
9717,367,82,1,837,0,993,385
9718,345,62,1,755,0,859,341
9719,375,66,1,755,0,880,309
9721,292,53,1,575,0,657,226
9722,240,56,1,543,0,634,235
9723,174,53,1,396,0,478,166
9724,342,99,1,824,0,978,374
9725,332,98,1,783,0,985,358
9726,204,70,1,606,0,782,321
9727,194,31,1,396,0,454,166
9728,371,71,1,805,0,937,358
9729,340,59,1,708,1,802,300
9731,246,43,1,485,0,548,194
9732,34,6,1,71,0,76,31
9733,96,18,1,204,0,221,93
9734,257,47,1,535,0,603,218
9735,326,62,1,699,0,807,307
9736,305,62,1,651,0,729,280
9737,310,76,1,715,2,782,326
9738,261,77,1,680,0,850,334
9739,231,76,1,681,0,912,372
9741,163,141,1,679,0,1064,375
9742,236,71,1,530,0,669,223
9743,356,86,1,907,0,1159,459
9744,284,95,1,763,2,968,370
9745,276,91,1,762,0,1052,389
9746,322,78,1,783,2,903,370
9747,276,99,1,797,1,989,418
9748,347,82,1,809,0,981,376
9749,244,84,1,686,0,969,349
9751,423,98,1,908,0,1011,371
9752,280,47,1,626,0,721,295
9753,282,65,1,636,0,777,293
9754,260,61,1,648,1,744,313
9755,196,42,1,492,1,605,251
9756,272,104,1,784,1,980,397
9801,156,39,1,339,1,434,142
9900,0,0,1,0,0,0,0
9901,0,0,1,0,0,0,0
9902,0,0,1,0,0,0,0
