precinctid,no,under_vote,precincts,ballots_cast,over_vote,registration,yes
1101,76,62,1,446,0,586,304
1102,138,103,1,810,0,996,566
1103,139,113,1,781,1,971,525
1104,140,109,1,763,0,991,517
1106,120,80,1,600,0,808,393
1107,76,64,1,506,0,781,359
1108,108,103,1,744,0,951,530
1109,120,94,1,617,0,809,399
1111,126,101,1,717,0,1031,482
1112,87,107,1,557,1,765,355
1113,101,69,1,547,1,713,367
1114,127,135,1,741,1,971,478
1115,152,114,1,746,0,910,478
1116,100,103,1,636,0,913,428
1117,108,92,1,644,0,886,436
1118,142,101,1,776,0,1031,527
1119,81,94,1,587,0,783,407
1121,133,83,1,525,1,691,309
1122,114,79,1,482,1,658,284
1123,105,96,1,646,0,954,443
1124,89,85,1,556,1,831,375
1125,118,131,1,745,0,1029,491
1126,132,101,1,701,1,954,457
1127,168,100,1,685,0,911,420
1128,159,120,1,686,1,907,398
1129,136,116,1,703,1,951,450
1131,139,92,1,574,0,853,340
1132,141,112,1,721,1,982,458
1133,128,96,1,661,1,870,428
1134,127,87,1,593,2,793,374
1135,97,44,1,421,0,521,279
1136,132,110,1,669,0,857,423
1141,141,103,1,812,0,1047,565
1142,128,89,1,667,0,858,438
1143,128,101,1,801,0,1056,566
1144,113,109,1,713,0,928,491
1145,138,97,1,753,2,931,507
1146,143,104,1,791,1,1036,542
1147,132,90,1,734,0,927,508
1148,144,105,1,727,1,992,474
1149,124,103,1,747,3,950,514
1151,0,0,1,0,0,0,0
1152,131,95,1,671,0,898,446
1153,164,106,1,749,0,961,469
1154,0,0,1,0,0,0,0
7001,71,77,1,559,0,742,409
7002,149,150,1,997,0,1225,697
7003,131,89,1,834,0,927,611
7004,99,101,1,808,0,896,598
7005,87,91,1,755,1,853,569
7006,93,96,1,799,0,966,607
7007,116,100,1,870,0,987,644
7008,124,99,1,820,0,882,589
7009,97,103,1,750,0,931,545
7011,84,88,1,621,0,1063,445
7012,142,113,1,925,3,1034,661
7013,91,87,1,640,0,733,458
7014,124,122,1,928,0,1073,677
7015,10,9,1,81,0,113,61
7016,92,102,1,593,0,977,398
7017,59,66,1,469,0,786,345
7018,122,89,1,672,0,992,458
7019,106,86,1,696,0,945,502
7021,95,85,1,631,0,993,446
7022,90,82,1,667,1,1032,484
7023,95,96,1,671,0,938,470
7024,29,12,1,119,0,309,77
7025,31,35,1,266,0,505,199
7026,157,115,1,700,0,1022,417
7027,93,88,1,577,1,879,391
7028,80,86,1,544,0,900,378
7029,68,86,1,525,2,924,366
7030,125,90,1,558,0,787,341
7031,63,66,1,392,0,511,257
7032,83,95,1,589,2,938,402
7033,94,78,1,546,1,814,374
7034,60,78,1,515,1,954,376
7035,63,45,1,341,0,476,232
7036,109,84,1,596,0,967,403
7037,67,69,1,379,0,840,242
7038,107,110,1,595,2,960,378
7039,110,95,1,625,0,831,419
7041,7,13,1,42,0,62,23
7042,90,89,1,514,0,697,333
7043,119,84,1,640,0,990,432
7044,66,61,1,415,0,867,288
7045,130,76,1,531,0,803,318
7046,76,37,1,319,0,435,204
7047,130,84,1,602,1,858,380
7048,96,78,1,518,2,877,338
7049,136,101,1,534,0,829,294
7051,120,91,1,612,0,909,396
7052,141,92,1,675,0,894,440
7053,88,76,1,462,0,552,286
7054,104,82,1,683,2,1068,492
7101,18,18,1,126,0,150,89
7201,152,146,1,868,0,983,560
7202,142,125,1,752,1,885,474
7203,133,168,1,840,0,950,527
7204,118,153,1,833,0,933,552
7205,164,120,1,815,1,903,524
7206,47,55,1,340,0,390,238
7207,81,131,1,595,0,712,378
7208,72,109,1,539,0,635,348
7209,80,61,1,491,0,563,344
7301,152,143,1,813,0,1080,518
7302,137,127,1,732,0,862,463
7303,114,164,1,851,0,1032,572
7304,163,148,1,828,0,993,516
7305,139,116,1,772,0,906,506
7306,156,152,1,882,1,1076,546
7307,113,124,1,674,1,826,427
7308,91,87,1,548,0,641,368
7309,100,151,1,764,0,897,503
7311,126,188,1,853,1,986,529
7312,163,146,1,768,1,874,455
7313,139,138,1,798,0,1001,513
7314,92,134,1,511,2,833,275
7315,84,131,1,597,1,783,373
7316,96,122,1,661,0,893,440
7317,142,120,1,743,0,938,472
7318,129,161,1,689,0,788,389
7319,145,175,1,908,1,1123,575
7321,101,97,1,493,0,683,290
7322,95,153,1,526,0,937,274
7323,108,126,1,727,0,888,479
7324,80,137,1,601,1,756,376
7325,124,159,1,792,0,973,498
7326,100,138,1,749,1,922,497
7327,99,105,1,434,0,762,230
7328,117,188,1,617,0,1024,315
7329,101,77,1,454,0,607,274
7331,160,150,1,793,1,933,471
7332,94,119,1,718,1,889,496
7333,118,187,1,888,0,1101,572
7334,119,145,1,774,0,963,498
7335,152,150,1,894,2,1002,580
7336,169,160,1,883,0,1017,546
7337,137,148,1,755,0,944,466
7338,132,166,1,695,0,1005,391
7339,66,78,1,495,1,660,345
7341,104,149,1,765,0,974,503
7342,134,119,1,791,0,1034,531
7343,81,110,1,618,1,746,421
7344,134,168,1,916,1,1143,607
7345,113,168,1,891,0,1186,599
7346,106,116,1,762,0,991,534
7347,79,135,1,841,0,1085,612
7348,98,113,1,647,0,957,430
7349,135,142,1,771,1,1006,484
7501,94,89,1,522,0,574,332
7502,126,120,1,694,0,808,441
7503,90,124,1,688,0,808,470
7504,55,85,1,420,0,503,272
7505,111,140,1,762,3,915,496
7506,103,144,1,798,1,1018,536
7507,87,103,1,631,1,992,438
7508,98,85,1,606,0,735,419
7509,120,124,1,825,1,1006,570
7512,74,87,1,493,0,638,328
7513,71,123,1,601,0,836,407
7514,70,103,1,544,0,886,367
7515,94,102,1,710,0,898,508
7516,111,127,1,759,0,907,516
7517,91,118,1,826,2,956,607
7518,90,99,1,858,0,993,664
7519,66,107,1,676,0,802,495
7521,63,97,1,726,0,854,558
7522,71,88,1,742,0,848,578
7523,54,78,1,689,1,821,554
7524,54,77,1,532,2,728,396
7525,49,99,1,636,0,870,478
7526,83,130,1,858,0,999,640
7527,67,87,1,624,0,773,458
7529,77,114,1,860,1,992,665
7531,54,114,1,805,0,954,634
7532,93,123,1,741,1,886,523
7533,81,128,1,910,0,1025,692
7534,86,103,1,775,1,967,584
7535,70,83,1,711,1,807,552
7536,68,94,1,775,0,895,605
7537,56,85,1,664,0,783,518
7538,54,98,1,736,1,831,578
7539,73,101,1,821,0,978,643
7541,68,102,1,728,0,865,555
7542,58,80,1,756,0,906,615
7543,73,99,1,806,0,993,628
7544,85,117,1,821,0,962,616
7545,88,136,1,833,0,970,604
7546,77,109,1,817,0,935,626
7547,46,117,1,837,0,1057,664
7548,92,122,1,894,0,1135,675
7549,70,108,1,734,0,854,548
7551,70,88,1,669,1,762,506
7552,65,87,1,678,0,756,517
7553,16,34,1,168,1,187,113
7554,101,86,1,769,0,859,574
7555,82,106,1,846,0,893,651
7556,106,99,1,906,0,1008,692
7601,87,100,1,588,0,929,394
7602,80,121,1,689,0,962,484
7603,79,99,1,690,0,888,507
7604,90,94,1,677,0,989,485
7605,48,70,1,428,0,771,307
7606,88,96,1,640,0,992,450
7607,77,108,1,710,1,1055,515
7608,33,53,1,244,0,456,157
7609,102,124,1,551,0,1051,320
7611,77,107,1,479,0,898,292
7612,66,78,1,418,0,668,269
7613,91,115,1,617,1,1015,405
7614,112,126,1,793,1,1177,550
7615,72,102,1,528,0,1020,348
7616,100,126,1,807,0,981,574
7617,70,101,1,516,1,898,334
7618,91,103,1,689,1,948,493
7619,182,245,1,1485,0,1971,1057
7621,102,134,1,800,0,1082,559
7622,57,102,1,534,1,1007,367
7623,66,71,1,467,0,839,323
7624,69,97,1,565,0,1074,394
7625,127,132,1,617,0,896,351
7626,148,163,1,1011,0,1177,693
7627,226,254,1,1326,0,1586,830
7628,108,105,1,720,0,1006,504
7629,62,81,1,577,0,837,426
7631,125,153,1,915,1,1143,634
7632,72,58,1,532,0,727,399
7633,65,117,1,574,0,731,391
7634,118,124,1,706,1,1017,462
7635,82,95,1,643,1,868,462
7636,102,129,1,784,0,993,550
7637,174,218,1,1151,1,1361,750
7638,250,204,1,1135,0,1285,665
7639,138,152,1,891,0,1011,586
7641,160,97,1,795,0,977,528
7642,115,222,1,810,0,967,461
7643,113,141,1,758,0,959,500
7644,119,176,1,925,1,1111,620
7645,114,98,1,587,0,669,367
7646,224,302,1,1893,1,2163,1345
7647,78,94,1,598,0,1028,422
7648,0,1,1,3,0,4,2
7701,151,142,1,914,0,1049,614
7702,140,105,1,663,1,775,413
7703,10,32,1,100,1,178,53
7704,219,128,1,881,1,1006,526
7705,127,55,1,495,1,554,310
7706,181,92,1,773,0,853,499
7707,172,88,1,784,0,854,518
7708,143,93,1,783,0,894,535
7709,64,51,1,354,0,390,235
7711,102,86,1,685,0,789,492
7712,76,69,1,518,1,577,365
7801,134,94,1,964,0,975,730
7802,91,98,1,723,0,760,529
7803,99,89,1,774,1,827,579
7804,105,97,1,876,0,932,670
7805,97,91,1,761,0,852,571
7806,66,64,1,663,0,746,527
7807,63,63,1,671,0,774,543
7808,61,77,1,578,0,702,438
7809,111,151,1,1091,1,1234,820
7811,57,81,1,696,0,806,552
7812,86,103,1,752,1,892,561
7813,98,118,1,943,0,1061,718
7814,82,84,1,667,1,919,497
7815,102,101,1,879,1,967,671
7816,96,85,1,823,0,896,639
7817,74,68,1,711,3,804,562
7818,92,76,1,787,0,889,616
7819,68,93,1,682,2,809,513
7821,114,91,1,916,0,998,707
7822,103,83,1,776,1,951,588
7823,97,79,1,806,0,928,627
7824,82,76,1,665,0,794,502
7825,53,46,1,521,0,578,422
7826,52,71,1,633,0,709,507
7827,70,104,1,758,1,931,576
7828,130,106,1,924,0,1053,684
7829,132,86,1,841,0,904,619
7831,110,69,1,803,0,906,621
7832,88,84,1,759,0,824,584
7833,56,89,1,710,0,785,558
7834,78,85,1,775,0,901,604
7835,127,77,1,785,0,863,572
7836,139,98,1,903,0,990,664
7837,107,117,1,840,0,934,610
7838,119,85,1,839,1,933,635
7839,108,98,1,785,0,869,569
7841,95,90,1,839,0,947,646
7842,90,95,1,864,0,960,671
7843,69,70,1,679,1,802,535
7844,46,64,1,594,0,682,479
7845,104,96,1,783,0,869,579
7846,118,97,1,814,1,925,588
7847,113,102,1,843,1,960,622
7848,114,81,1,818,1,905,619
7849,106,78,1,864,0,967,679
7851,98,64,1,472,0,528,308
7852,105,65,1,584,0,644,410
7853,111,90,1,770,0,896,562
7854,90,99,1,825,0,933,629
7855,101,121,1,870,0,968,640
7856,108,102,1,769,0,849,553
7857,124,71,1,854,0,963,653
7858,67,66,1,674,1,791,536
7859,124,89,1,834,0,915,620
7861,112,91,1,776,1,881,555
7862,100,97,1,815,1,923,614
7863,86,93,1,819,1,939,633
7864,82,83,1,703,0,815,537
7865,115,87,1,754,0,853,542
7866,150,97,1,746,0,831,495
7867,126,85,1,822,0,946,609
7868,106,67,1,764,0,901,581
7869,112,73,1,789,0,874,602
7871,141,93,1,804,0,909,568
7872,132,71,1,819,0,902,614
7873,91,77,1,788,0,874,618
7874,59,50,1,408,0,482,300
7875,84,60,1,525,0,628,374
7901,114,133,1,952,1,1286,701
7902,82,114,1,842,0,1064,634
7903,77,98,1,652,0,929,471
7904,77,94,1,694,0,926,518
7905,82,86,1,718,1,851,548
7906,44,93,1,653,0,854,513
7907,80,123,1,834,0,991,621
7908,89,124,1,872,1,1008,656
7909,45,86,1,644,0,787,512
7911,82,83,1,734,0,907,567
7912,101,109,1,874,0,1090,653
7913,100,86,1,800,2,964,608
7914,82,90,1,752,2,895,575
7915,82,68,1,716,0,892,565
7916,62,76,1,768,3,953,625
7917,90,92,1,868,1,1073,678
7918,58,86,1,697,0,860,550
7919,72,83,1,767,1,928,610
7921,86,74,1,694,1,970,531
7922,70,93,1,705,1,884,535
7923,64,78,1,689,0,930,549
7924,98,88,1,696,0,883,509
7925,39,58,1,483,1,591,381
7926,64,80,1,695,0,820,543
7927,74,67,1,688,0,782,544
7928,87,75,1,849,1,976,678
7929,83,57,1,780,0,871,634
7931,77,65,1,687,0,765,540
7932,60,56,1,482,1,557,375
7933,1,1,1,7,0,8,5
7934,66,87,1,772,0,888,616
7935,94,76,1,851,1,949,676
7936,85,71,1,764,0,876,601
7937,95,66,1,780,0,909,610
7938,87,61,1,636,1,808,483
7939,60,64,1,593,0,674,463
7941,75,72,1,655,0,790,505
7942,94,86,1,769,0,950,579
7943,112,96,1,780,0,938,566
7944,81,74,1,692,1,830,535
7945,90,88,1,663,0,926,482
7946,136,85,1,716,0,976,491
7947,157,97,1,717,1,964,457
7948,149,112,1,721,0,933,454
7949,109,56,1,433,0,594,265
7951,122,115,1,645,0,841,405
7952,176,78,1,651,0,865,388
7953,147,87,1,677,0,853,444
7954,0,0,1,0,0,0,0
7955,149,107,1,684,0,899,419
7956,108,108,1,579,0,779,361
7957,97,69,1,524,0,664,357
7958,48,26,1,199,0,291,123
9001,37,16,1,197,0,269,144
9101,153,109,1,740,0,899,469
9102,137,134,1,817,0,989,536
9103,158,116,1,786,0,971,506
9104,145,119,1,795,0,1004,522
9105,136,118,1,817,0,975,557
9106,137,131,1,819,2,938,539
9107,118,111,1,679,0,859,442
9108,115,108,1,691,2,815,462
9109,125,108,1,749,2,875,509
9111,103,108,1,637,0,785,419
9112,123,122,1,804,1,975,556
9113,146,115,1,853,1,1008,582
9114,116,131,1,749,0,913,498
9115,120,127,1,761,0,948,506
9116,129,120,1,811,0,986,550
9117,158,78,1,670,0,785,432
9118,159,143,1,780,2,987,469
9119,127,129,1,744,0,911,486
9121,163,118,1,758,0,950,469
9122,133,132,1,769,0,976,499
9123,134,122,1,740,1,902,478
9124,105,126,1,730,0,940,493
9125,138,132,1,740,0,911,463
9126,155,140,1,820,2,978,521
9127,126,134,1,819,1,985,553
9128,139,114,1,727,0,859,468
9129,102,93,1,621,0,772,421
9131,113,105,1,661,0,806,438
9132,90,120,1,701,0,898,489
9133,154,126,1,888,0,1083,603
9134,132,136,1,767,0,937,488
9135,135,115,1,652,2,831,395
9136,140,115,1,788,1,952,528
9137,141,126,1,785,0,977,506
9138,156,112,1,771,0,930,498
9139,171,127,1,831,0,1004,522
9141,148,104,1,794,1,963,537
9142,112,130,1,843,0,1003,593
9143,137,120,1,747,0,921,479
9144,161,127,1,832,2,983,535
9145,119,110,1,753,0,889,516
9146,126,128,1,799,0,929,542
9147,118,133,1,818,0,983,561
9148,118,120,1,869,1,1007,622
9149,115,129,1,842,1,976,593
9151,106,112,1,704,0,858,475
9152,76,141,1,636,0,842,415
9201,130,121,1,893,0,1047,639
9202,135,135,1,806,0,962,530
9203,196,179,1,857,1,1006,473
9204,175,128,1,733,0,849,424
9205,101,137,1,652,0,760,409
9206,208,160,1,822,0,960,448
9207,193,158,1,845,1,980,482
9208,175,193,1,897,1,1028,519
9209,126,117,1,646,0,750,393
9211,148,185,1,778,0,910,437
9212,146,139,1,746,0,857,451
9213,163,166,1,853,0,987,519
9214,117,92,1,539,0,632,328
9215,114,95,1,566,0,645,351
9216,167,160,1,726,0,861,387
9217,128,127,1,662,0,761,399
9218,172,141,1,730,0,868,409
9219,130,162,1,719,1,829,421
9221,159,85,1,637,0,662,390
9222,187,127,1,811,0,889,483
9223,98,115,1,573,0,664,355
9224,222,139,1,863,0,993,492
9225,141,206,1,926,0,994,565
9226,150,144,1,833,1,960,527
9227,150,87,1,665,1,759,419
9228,162,87,1,651,1,725,399
9229,113,80,1,555,1,615,358
9231,131,123,1,869,1,1006,605
9232,137,99,1,695,0,746,450
9233,174,118,1,736,0,816,440
9234,140,113,1,664,0,759,396
9235,186,120,1,818,2,907,501
9236,106,108,1,600,0,682,376
9237,181,138,1,824,1,941,496
9238,175,137,1,809,0,846,486
9239,176,161,1,838,0,885,494
9241,174,134,1,894,0,1027,576
9242,161,160,1,885,0,1023,561
9243,91,93,1,555,0,611,364
9244,126,153,1,824,1,940,538
9245,88,106,1,627,0,725,425
9246,140,138,1,842,0,964,554
9247,140,153,1,885,0,1004,581
9248,124,144,1,846,0,955,569
9249,157,133,1,807,0,926,504
9251,151,143,1,871,0,982,572
9252,155,112,1,837,0,943,558
9253,120,115,1,709,0,808,463
9254,147,136,1,871,4,951,578
9255,80,87,1,518,0,577,346
9256,54,60,1,342,0,403,227
9257,24,52,1,287,0,339,204
9258,102,96,1,645,0,715,443
9401,105,117,1,815,0,1014,590
9402,135,123,1,816,1,1028,547
9403,132,108,1,739,0,933,491
9404,135,118,1,744,1,921,486
9405,153,97,1,699,1,818,439
9406,139,111,1,791,0,916,536
9407,105,129,1,728,0,941,486
9408,91,118,1,704,0,879,493
9409,76,77,1,524,0,626,372
9411,121,123,1,840,0,1051,583
9412,141,112,1,703,0,885,450
9413,136,130,1,742,0,907,470
9414,135,133,1,740,2,894,465
9415,126,101,1,637,1,798,404
9416,158,128,1,806,0,1018,512
9417,134,94,1,604,0,759,370
9418,148,113,1,642,0,814,375
9419,172,124,1,708,0,902,408
9421,172,128,1,732,0,929,430
9422,183,145,1,887,0,1082,553
9423,126,136,1,718,0,909,453
9424,157,107,1,756,0,951,484
9425,156,149,1,748,0,964,439
9426,135,111,1,663,0,835,412
9427,171,122,1,733,0,963,435
9428,182,104,1,754,1,963,464
9429,182,112,1,707,0,909,408
9431,190,133,1,821,0,1024,487
9432,140,148,1,718,0,913,424
9433,149,131,1,759,0,973,476
9434,172,115,1,803,0,997,508
9435,182,138,1,765,0,969,433
9436,164,149,1,783,0,994,460
9437,177,111,1,713,0,954,418
9438,188,145,1,791,1,1000,453
9439,152,128,1,690,1,903,407
9441,168,97,1,800,0,1004,530
9442,166,144,1,809,0,1027,492
9443,152,107,1,748,1,937,482
9444,170,132,1,720,0,955,410
9445,182,110,1,751,1,993,451
9446,216,139,1,912,1,1084,552
9447,168,133,1,761,0,954,455
9448,175,132,1,728,0,950,416
9449,159,101,1,639,0,820,374
9451,117,51,1,370,0,438,198
9452,152,110,1,701,0,829,435
9453,105,58,1,415,0,502,248
9501,12,23,1,131,0,153,94
9502,18,28,1,209,1,233,160
9503,76,128,1,674,0,822,455
9505,81,89,1,617,1,804,442
9506,77,76,1,602,0,810,447
9507,61,76,1,638,0,783,497
9508,58,99,1,720,0,862,561
9509,70,99,1,661,1,758,485
9511,56,80,1,529,0,630,389
9512,68,85,1,709,0,848,551
9513,67,100,1,766,0,952,596
9514,97,129,1,832,1,959,603
9515,97,99,1,646,0,748,445
9516,120,125,1,763,1,922,510
9517,68,119,1,713,0,854,520
9518,74,92,1,707,0,826,530
9519,95,109,1,790,0,922,580
9521,91,117,1,827,0,947,606
9701,80,100,1,571,0,664,385
9702,82,88,1,640,1,760,463
9703,176,110,1,818,0,989,525
9704,155,131,1,836,0,971,546
9705,114,122,1,836,1,954,591
9706,6,9,1,54,0,54,38
9707,174,86,1,679,0,805,419
9708,129,131,1,829,0,956,558
9709,191,126,1,848,1,1029,524
9711,108,79,1,572,0,643,378
9712,143,84,1,593,0,656,359
9713,187,123,1,782,0,974,467
9714,221,131,1,825,0,941,468
9715,126,71,1,521,0,580,318
9716,192,118,1,791,1,975,478
9717,222,126,1,837,0,993,486
9718,196,84,1,755,0,859,471
9719,192,80,1,755,1,880,479
9721,157,72,1,575,0,657,344
9722,138,83,1,543,1,634,313
9723,132,72,1,396,0,478,191
9724,248,118,1,824,0,978,449
9725,223,150,1,783,0,985,416
9726,89,116,1,606,0,782,393
9727,128,53,1,396,0,454,212
9728,257,98,1,805,1,937,445
9729,222,92,1,708,0,802,386
9731,135,61,1,485,0,548,287
9732,24,6,1,71,0,76,41
9733,40,28,1,204,0,221,140
9734,137,68,1,535,0,603,317
9735,175,115,1,699,0,807,402
9736,155,81,1,651,0,729,410
9737,158,74,1,715,0,782,483
9738,148,113,1,680,0,850,410
9739,94,133,1,681,0,912,456
9741,52,225,1,679,0,1064,403
9742,134,93,1,530,0,669,301
9743,130,159,1,907,0,1159,612
9744,156,136,1,763,0,968,462
9745,112,132,1,762,0,1052,514
9746,200,107,1,783,0,903,469
9747,141,121,1,797,0,989,534
9748,174,109,1,809,0,981,521
9749,120,99,1,686,0,969,462
9751,214,129,1,908,2,1011,549
9752,141,67,1,626,3,721,409
9753,125,85,1,636,0,777,429
9754,120,74,1,648,0,744,443
9755,89,56,1,492,0,605,346
9756,146,126,1,784,0,980,506
9801,63,46,1,339,0,434,229
9900,0,0,1,0,0,0,0
9901,0,0,1,0,0,0,0
9902,0,0,1,0,0,0,0
