precinctid,no,under_vote,precincts,ballots_cast,over_vote,registration,yes
1101,127,44,1,446,0,586,272
1102,273,60,1,810,1,996,472
1103,241,76,1,781,0,971,456
1104,240,84,1,763,0,991,441
1106,193,62,1,600,0,808,337
1107,140,59,1,506,0,781,304
1108,220,77,1,744,0,951,439
1109,205,51,1,617,1,809,354
1111,224,73,1,717,0,1031,410
1112,151,69,1,557,0,765,328
1113,168,49,1,547,0,713,320
1114,193,90,1,741,0,971,458
1115,204,85,1,746,0,910,451
1116,165,69,1,636,0,913,396
1117,189,67,1,644,0,886,380
1118,247,69,1,776,0,1031,452
1119,171,63,1,587,0,783,348
1121,188,50,1,525,0,691,286
1122,199,49,1,482,0,658,233
1123,167,61,1,646,1,954,418
1124,138,64,1,556,0,831,348
1125,201,100,1,745,0,1029,439
1126,232,75,1,701,0,954,384
1127,247,81,1,685,0,911,356
1128,220,86,1,686,0,907,374
1129,215,80,1,703,0,951,404
1131,200,79,1,574,0,853,293
1132,214,81,1,721,0,982,422
1133,225,57,1,661,0,870,370
1134,200,62,1,593,0,793,330
1135,161,33,1,421,0,521,224
1136,234,68,1,669,1,857,359
1141,249,79,1,812,1,1047,480
1142,208,66,1,667,0,858,379
1143,202,71,1,801,0,1056,516
1144,205,89,1,713,0,928,419
1145,232,67,1,753,0,931,443
1146,194,78,1,791,0,1036,514
1147,204,65,1,734,0,927,460
1148,221,87,1,727,1,992,413
1149,202,79,1,747,0,950,463
1151,0,0,1,0,0,0,0
1152,229,67,1,671,0,898,372
1153,247,79,1,749,0,961,414
1154,0,0,1,0,0,0,0
7001,162,48,1,559,0,742,349
7002,322,100,1,997,0,1225,574
7003,284,67,1,834,1,927,478
7004,271,67,1,808,0,896,461
7005,204,75,1,755,0,853,469
7006,190,65,1,799,0,966,536
7007,313,78,1,870,0,987,468
7008,286,74,1,820,0,882,450
7009,214,59,1,750,0,931,472
7011,155,63,1,621,1,1063,398
7012,289,79,1,925,2,1034,543
7013,225,54,1,640,0,733,356
7014,333,77,1,928,0,1073,507
7015,11,6,1,81,0,113,62
7016,141,61,1,593,0,977,392
7017,99,47,1,469,0,786,325
7018,190,64,1,672,0,992,412
7019,230,72,1,696,2,945,389
7021,146,53,1,631,3,993,422
7022,161,58,1,667,0,1032,436
7023,153,74,1,671,0,938,430
7024,25,13,1,119,0,309,79
7025,51,25,1,266,0,505,189
7026,251,67,1,700,1,1022,368
7027,159,80,1,577,0,879,333
7028,120,62,1,544,3,900,361
7029,98,73,1,525,1,924,347
7030,230,54,1,558,0,787,271
7031,119,53,1,392,0,511,213
7032,151,55,1,589,3,938,370
7033,137,61,1,546,1,814,347
7034,105,52,1,515,0,954,355
7035,103,34,1,341,0,476,203
7036,181,48,1,596,0,967,362
7037,71,48,1,379,1,840,256
7038,180,75,1,595,0,960,339
7039,216,51,1,625,0,831,352
7041,13,10,1,42,0,62,20
7042,155,57,1,514,0,697,299
7043,163,64,1,640,0,990,407
7044,103,56,1,415,0,867,258
7045,211,51,1,531,0,803,266
7046,111,22,1,319,0,435,180
7047,199,58,1,602,1,858,337
7048,161,61,1,518,0,877,293
7049,191,78,1,534,0,829,261
7051,197,73,1,612,0,909,336
7052,229,62,1,675,1,894,378
7053,164,55,1,462,0,552,230
7054,174,53,1,683,0,1068,454
7101,38,15,1,126,0,150,72
7201,324,106,1,868,0,983,469
7202,280,70,1,752,0,885,392
7203,296,108,1,840,0,950,414
7204,323,91,1,833,1,933,405
7205,327,88,1,815,0,903,394
7206,124,32,1,340,0,390,181
7207,175,86,1,595,1,712,326
7208,167,79,1,539,0,635,285
7209,202,43,1,491,0,563,237
7301,258,124,1,813,0,1080,429
7302,270,90,1,732,0,862,367
7303,281,114,1,851,1,1032,454
7304,298,89,1,828,0,993,436
7305,279,82,1,772,0,906,391
7306,282,122,1,882,1,1076,448
7307,220,85,1,674,1,826,358
7308,202,74,1,548,0,641,266
7309,271,90,1,764,1,897,390
7311,284,127,1,853,0,986,424
7312,319,99,1,768,0,874,343
7313,279,98,1,798,0,1001,403
7314,156,95,1,511,2,833,247
7315,167,96,1,597,1,783,321
7316,220,77,1,661,0,893,359
7317,263,74,1,743,0,938,391
7318,222,120,1,689,0,788,334
7319,320,125,1,908,0,1123,447
7321,162,81,1,493,0,683,243
7322,157,110,1,526,0,937,253
7323,220,104,1,727,0,888,391
7324,198,83,1,601,1,756,305
7325,245,111,1,792,0,973,423
7326,237,91,1,749,0,922,411
7327,147,80,1,434,0,762,205
7328,197,133,1,617,0,1024,287
7329,189,48,1,454,0,607,215
7331,345,88,1,793,1,933,344
7332,195,84,1,718,2,889,427
7333,282,130,1,888,0,1101,461
7334,253,98,1,774,0,963,409
7335,317,111,1,894,1,1002,449
7336,304,125,1,883,1,1017,440
7337,259,86,1,755,0,944,399
7338,235,133,1,695,0,1005,318
7339,146,53,1,495,0,660,292
7341,222,90,1,765,0,974,443
7342,234,88,1,791,0,1034,463
7343,147,81,1,618,0,746,386
7344,271,111,1,916,1,1143,527
7345,214,122,1,891,0,1186,544
7346,187,87,1,762,0,991,479
7347,166,95,1,841,1,1085,561
7348,179,84,1,647,0,957,370
7349,217,95,1,771,0,1006,448
7501,195,79,1,522,0,574,241
7502,221,84,1,694,1,808,378
7503,211,82,1,688,1,808,385
7504,106,71,1,420,0,503,229
7505,257,95,1,762,0,915,394
7506,244,95,1,798,0,1018,438
7507,177,70,1,631,1,992,380
7508,186,71,1,606,1,735,340
7509,244,92,1,825,0,1006,479
7512,142,53,1,493,0,638,293
7513,143,95,1,601,1,836,358
7514,110,87,1,544,2,886,339
7515,202,80,1,710,1,898,421
7516,218,105,1,759,1,907,430
7517,199,80,1,826,1,956,538
7518,221,76,1,858,0,993,554
7519,146,85,1,676,1,802,434
7521,161,68,1,726,1,854,486
7522,180,75,1,742,0,848,480
7523,148,50,1,689,0,821,484
7524,135,68,1,532,0,728,323
7525,158,64,1,636,0,870,404
7526,219,81,1,858,0,999,541
7527,165,68,1,624,0,773,377
7529,209,74,1,860,0,992,571
7531,203,89,1,805,0,954,508
7532,203,97,1,741,0,886,433
7533,230,88,1,910,0,1025,579
7534,204,70,1,775,0,967,492
7535,185,65,1,711,1,807,454
7536,225,80,1,775,2,895,460
7537,180,63,1,664,0,783,414
7538,169,68,1,736,0,831,488
7539,174,74,1,821,1,978,569
7541,195,55,1,728,0,865,475
7542,167,55,1,756,0,906,529
7543,203,74,1,806,0,993,526
7544,214,74,1,821,0,962,528
7545,223,94,1,833,0,970,508
7546,202,85,1,817,2,935,518
7547,198,90,1,837,0,1057,534
7548,241,85,1,894,0,1135,561
7549,204,77,1,734,1,854,444
7551,205,66,1,669,0,762,392
7552,204,59,1,678,1,756,403
7553,53,29,1,168,0,187,82
7554,244,63,1,769,0,859,448
7555,289,79,1,846,0,893,466
7556,334,67,1,906,0,1008,495
7601,117,73,1,588,0,929,390
7602,119,73,1,689,0,962,493
7603,156,62,1,690,0,888,464
7604,154,57,1,677,0,989,459
7605,96,50,1,428,0,771,282
7606,112,78,1,640,0,992,446
7607,181,78,1,710,0,1055,438
7608,43,39,1,244,0,456,158
7609,101,98,1,551,1,1051,346
7611,96,81,1,479,0,898,294
7612,112,49,1,418,0,668,250
7613,122,66,1,617,0,1015,420
7614,167,89,1,793,1,1177,532
7615,126,69,1,528,1,1020,325
7616,267,82,1,807,0,981,451
7617,121,80,1,516,0,898,306
7618,192,56,1,689,0,948,440
7619,395,172,1,1485,0,1971,909
7621,226,85,1,800,0,1082,483
7622,100,81,1,534,0,1007,345
7623,106,53,1,467,0,839,302
7624,128,66,1,565,0,1074,364
7625,170,121,1,617,0,896,320
7626,391,105,1,1011,0,1177,506
7627,510,150,1,1326,0,1586,644
7628,210,82,1,720,0,1006,423
7629,164,55,1,577,0,837,352
7631,307,101,1,915,0,1143,504
7632,141,49,1,532,0,727,340
7633,176,79,1,574,1,731,314
7634,216,89,1,706,0,1017,393
7635,199,59,1,643,0,868,377
7636,277,90,1,784,1,993,410
7637,448,146,1,1151,0,1361,550
7638,504,131,1,1135,1,1285,482
7639,377,98,1,891,0,1011,401
7641,316,69,1,795,1,977,393
7642,216,163,1,810,0,967,415
7643,295,94,1,758,0,959,359
7644,316,123,1,925,0,1111,476
7645,241,67,1,587,0,669,267
7646,680,204,1,1893,0,2163,974
7647,123,67,1,598,0,1028,402
7648,0,0,1,3,0,4,3
7701,300,111,1,914,0,1049,493
7702,275,68,1,663,0,775,312
7703,20,15,1,100,0,178,58
7704,362,96,1,881,0,1006,412
7705,226,35,1,495,0,554,231
7706,323,59,1,773,0,853,391
7707,306,69,1,784,0,854,400
7708,303,71,1,783,0,894,397
7709,113,32,1,354,0,390,204
7711,229,64,1,685,0,789,386
7712,160,53,1,518,0,577,297
7801,346,71,1,964,1,975,540
7802,240,72,1,723,0,760,404
7803,298,55,1,774,0,827,412
7804,319,83,1,876,1,932,465
7805,229,69,1,761,0,852,459
7806,214,57,1,663,0,746,385
7807,188,52,1,671,0,774,428
7808,167,56,1,578,1,702,350
7809,329,95,1,1091,0,1234,659
7811,165,54,1,696,0,806,465
7812,231,69,1,752,0,892,452
7813,250,94,1,943,0,1061,588
7814,155,63,1,667,1,919,444
7815,285,86,1,879,0,967,501
7816,293,59,1,823,0,896,462
7817,204,63,1,711,1,804,437
7818,239,58,1,787,0,889,482
7819,198,52,1,682,1,809,424
7821,337,67,1,916,1,998,504
7822,253,59,1,776,0,951,463
7823,255,62,1,806,0,928,485
7824,205,50,1,665,0,794,404
7825,154,40,1,521,0,578,324
7826,175,62,1,633,1,709,389
7827,181,75,1,758,1,931,492
7828,301,82,1,924,0,1053,531
7829,333,53,1,841,0,904,449
7831,292,44,1,803,0,906,463
7832,263,62,1,759,0,824,425
7833,188,64,1,710,0,785,450
7834,204,68,1,775,0,901,495
7835,243,62,1,785,1,863,470
7836,315,56,1,903,0,990,525
7837,279,81,1,840,0,934,472
7838,318,61,1,839,0,933,456
7839,287,54,1,785,0,869,426
7841,243,77,1,839,0,947,509
7842,234,60,1,864,0,960,561
7843,172,61,1,679,0,802,438
7844,133,68,1,594,0,682,389
7845,257,73,1,783,1,869,449
7846,291,72,1,814,0,925,439
7847,257,81,1,843,0,960,499
7848,295,78,1,818,0,905,441
7849,300,57,1,864,0,967,506
7851,199,41,1,472,0,528,228
7852,227,34,1,584,0,644,316
7853,258,76,1,770,0,896,428
7854,297,68,1,825,0,933,450
7855,279,87,1,870,0,968,496
7856,229,74,1,769,1,849,457
7857,262,53,1,854,0,963,532
7858,165,55,1,674,0,791,447
7859,304,70,1,834,0,915,452
7861,255,67,1,776,0,881,429
7862,281,63,1,815,0,923,463
7863,231,70,1,819,0,939,513
7864,226,64,1,703,1,815,412
7865,240,68,1,754,0,853,435
7866,284,76,1,746,1,831,381
7867,290,53,1,822,0,946,474
7868,237,71,1,764,1,901,442
7869,262,66,1,789,0,874,455
7871,316,69,1,804,0,909,415
7872,301,65,1,819,0,902,452
7873,258,62,1,788,0,874,461
7874,132,32,1,408,1,482,241
7875,146,45,1,525,0,628,332
7901,215,97,1,952,0,1286,639
7902,179,69,1,842,0,1064,579
7903,132,69,1,652,0,929,445
7904,161,56,1,694,1,926,469
7905,202,53,1,718,0,851,457
7906,132,67,1,653,0,854,450
7907,194,75,1,834,1,991,554
7908,192,85,1,872,1,1008,587
7909,137,59,1,644,0,787,445
7911,165,68,1,734,0,907,491
7912,203,96,1,874,0,1090,568
7913,204,70,1,800,0,964,520
7914,163,58,1,752,0,895,523
7915,158,58,1,716,1,892,497
7916,186,52,1,768,0,953,524
7917,191,69,1,868,0,1073,597
7918,155,54,1,697,0,860,485
7919,168,72,1,767,1,928,525
7921,144,49,1,694,0,970,496
7922,132,63,1,705,0,884,500
7923,170,39,1,689,1,930,478
7924,162,67,1,696,0,883,463
7925,109,35,1,483,0,591,336
7926,152,55,1,695,0,820,476
7927,190,48,1,688,0,782,447
7928,243,57,1,849,2,976,537
7929,239,55,1,780,1,871,482
7931,192,49,1,687,0,765,439
7932,149,36,1,482,0,557,307
7933,0,0,1,7,0,8,7
7934,168,56,1,772,0,888,543
7935,243,58,1,851,0,949,543
7936,218,47,1,764,0,876,493
7937,199,61,1,780,0,909,512
7938,135,54,1,636,0,808,444
7939,140,43,1,593,0,674,402
7941,154,71,1,655,2,790,425
7942,206,70,1,769,1,950,477
7943,217,68,1,780,0,938,492
7944,189,46,1,692,0,830,453
7945,158,66,1,663,0,926,433
7946,225,64,1,716,0,976,419
7947,255,79,1,717,0,964,377
7948,236,76,1,721,0,933,399
7949,149,43,1,433,1,594,237
7951,237,73,1,645,0,841,328
7952,236,61,1,651,0,865,343
7953,238,62,1,677,0,853,376
7954,0,0,1,0,0,0,0
7955,239,69,1,684,1,899,367
7956,178,69,1,579,0,779,322
7957,160,49,1,524,0,664,311
7958,70,21,1,199,0,291,105
9001,53,25,1,197,0,269,118
9101,247,75,1,740,1,899,409
9102,256,93,1,817,0,989,456
9103,267,75,1,786,2,971,436
9104,238,91,1,795,0,1004,452
9105,288,88,1,817,0,975,434
9106,283,77,1,819,0,938,445
9107,188,81,1,679,0,859,400
9108,213,73,1,691,0,815,400
9109,252,82,1,749,0,875,411
9111,193,85,1,637,1,785,350
9112,276,80,1,804,0,975,441
9113,309,100,1,853,0,1008,431
9114,198,104,1,749,1,913,442
9115,213,86,1,761,0,948,451
9116,237,88,1,811,0,986,468
9117,251,62,1,670,0,785,352
9118,244,86,1,780,1,987,437
9119,249,93,1,744,1,911,399
9121,274,87,1,758,0,950,386
9122,231,99,1,769,0,976,431
9123,246,89,1,740,1,902,404
9124,224,80,1,730,0,940,418
9125,241,105,1,740,0,911,383
9126,307,101,1,820,0,978,409
9127,258,116,1,819,1,985,441
9128,270,96,1,727,0,859,357
9129,205,75,1,621,1,772,332
9131,224,83,1,661,0,806,347
9132,183,90,1,701,0,898,422
9133,279,111,1,888,0,1083,493
9134,230,112,1,767,1,937,411
9135,239,71,1,652,0,831,334
9136,240,79,1,788,0,952,461
9137,257,90,1,785,0,977,424
9138,287,73,1,771,0,930,401
9139,316,85,1,831,0,1004,422
9141,266,79,1,794,1,963,443
9142,233,90,1,843,1,1003,509
9143,228,96,1,747,0,921,408
9144,272,91,1,832,1,983,457
9145,268,73,1,753,0,889,404
9146,208,99,1,799,0,929,487
9147,256,76,1,818,0,983,477
9148,271,75,1,869,0,1007,509
9149,222,103,1,842,1,976,502
9151,236,85,1,704,0,858,370
9152,114,94,1,636,0,842,417
9201,264,70,1,893,0,1047,555
9202,283,112,1,806,0,962,408
9203,367,113,1,857,0,1006,363
9204,334,77,1,733,0,849,313
9205,268,79,1,652,1,760,295
9206,384,111,1,822,1,960,318
9207,359,107,1,845,1,980,365
9208,352,121,1,897,0,1028,413
9209,242,90,1,646,0,750,301
9211,300,131,1,778,0,910,337
9212,299,98,1,746,0,857,333
9213,322,106,1,853,0,987,417
9214,228,72,1,539,0,632,235
9215,261,59,1,566,0,645,237
9216,296,104,1,726,0,861,307
9217,232,91,1,662,1,761,325
9218,285,88,1,730,1,868,342
9219,255,111,1,719,0,829,347
9221,322,56,1,637,1,662,253
9222,357,90,1,811,0,889,343
9223,231,80,1,573,0,664,253
9224,409,97,1,863,0,993,344
9225,333,139,1,926,0,994,431
9226,350,93,1,833,1,960,379
9227,293,61,1,665,0,759,300
9228,277,68,1,651,3,725,300
9229,232,57,1,555,0,615,259
9231,298,93,1,869,0,1006,470
9232,307,78,1,695,0,746,299
9233,291,76,1,736,0,816,362
9234,263,79,1,664,0,759,305
9235,350,77,1,818,0,907,378
9236,263,57,1,600,0,682,267
9237,335,99,1,824,0,941,376
9238,327,81,1,809,1,846,384
9239,338,114,1,838,0,885,371
9241,367,103,1,894,0,1027,410
9242,359,102,1,885,0,1023,415
9243,195,61,1,555,0,611,291
9244,290,96,1,824,0,940,429
9245,233,63,1,627,0,725,321
9246,319,95,1,842,0,964,416
9247,313,111,1,885,0,1004,450
9248,303,99,1,846,0,955,434
9249,299,93,1,807,0,926,400
9251,335,88,1,871,0,982,440
9252,305,73,1,837,0,943,446
9253,229,98,1,709,0,808,370
9254,312,94,1,871,0,951,453
9255,165,54,1,518,0,577,292
9256,120,31,1,342,0,403,186
9257,68,26,1,287,0,339,185
9258,219,60,1,645,0,715,361
9401,195,83,1,815,1,1014,530
9402,228,83,1,816,0,1028,496
9403,254,74,1,739,0,933,403
9404,271,63,1,744,0,921,406
9405,256,79,1,699,1,818,352
9406,257,78,1,791,0,916,450
9407,221,87,1,728,0,941,411
9408,170,89,1,704,0,879,440
9409,144,55,1,524,0,626,325
9411,218,65,1,840,0,1051,535
9412,252,74,1,703,0,885,376
9413,217,73,1,742,0,907,438
9414,236,74,1,740,0,894,423
9415,226,77,1,637,1,798,327
9416,264,100,1,806,1,1018,432
9417,217,71,1,604,1,759,309
9418,247,72,1,642,1,814,312
9419,270,85,1,708,0,902,346
9421,261,90,1,732,0,929,379
9422,325,112,1,887,2,1082,436
9423,230,94,1,718,0,909,388
9424,293,59,1,756,0,951,395
9425,287,95,1,748,0,964,360
9426,217,87,1,663,0,835,352
9427,290,82,1,733,0,963,359
9428,269,66,1,754,0,963,414
9429,262,82,1,707,0,909,358
9431,311,89,1,821,1,1024,409
9432,283,114,1,718,0,913,318
9433,256,91,1,759,0,973,407
9434,284,70,1,803,0,997,443
9435,264,102,1,765,0,969,389
9436,289,106,1,783,0,994,379
9437,255,79,1,713,0,954,369
9438,322,84,1,791,0,1000,379
9439,275,88,1,690,0,903,324
9441,259,74,1,800,1,1004,459
9442,304,99,1,809,0,1027,399
9443,255,80,1,748,0,937,407
9444,248,92,1,720,0,955,370
9445,280,65,1,751,0,993,395
9446,335,106,1,912,0,1084,462
9447,266,84,1,761,0,954,403
9448,263,73,1,728,0,950,383
9449,260,68,1,639,0,820,306
9451,160,47,1,370,0,438,159
9452,279,67,1,701,0,829,346
9453,169,48,1,415,0,502,192
9501,28,12,1,131,0,153,87
9502,70,15,1,209,0,233,122
9503,184,88,1,674,0,822,387
9505,142,69,1,617,0,804,404
9506,144,56,1,602,1,810,399
9507,148,63,1,638,0,783,422
9508,163,74,1,720,0,862,477
9509,179,69,1,661,0,758,404
9511,133,68,1,529,0,630,320
9512,181,67,1,709,0,848,455
9513,183,76,1,766,1,952,502
9514,239,84,1,832,0,959,503
9515,175,74,1,646,0,748,390
9516,223,82,1,763,0,922,452
9517,189,80,1,713,0,854,430
9518,171,75,1,707,0,826,444
9519,230,87,1,790,0,922,465
9521,234,100,1,827,1,947,479
9701,183,68,1,571,0,664,315
9702,187,61,1,640,0,760,383
9703,312,96,1,818,0,989,405
9704,300,92,1,836,0,971,434
9705,256,102,1,836,0,954,465
9706,18,9,1,54,0,54,26
9707,298,54,1,679,0,805,324
9708,246,96,1,829,0,956,473
9709,312,86,1,848,0,1029,439
9711,230,61,1,572,0,643,272
9712,269,42,1,593,1,656,271
9713,303,75,1,782,0,974,396
9714,348,97,1,825,0,941,369
9715,276,50,1,521,0,580,182
9716,320,89,1,791,0,975,379
9717,351,99,1,837,0,993,389
9718,329,67,1,755,1,859,348
9719,368,65,1,755,0,880,318
9721,261,49,1,575,0,657,260
9722,230,57,1,543,0,634,242
9723,195,48,1,396,0,478,151
9724,409,79,1,824,0,978,326
9725,359,92,1,783,1,985,337
9726,137,92,1,606,0,782,368
9727,185,35,1,396,0,454,173
9728,396,61,1,805,1,937,341
9729,372,60,1,708,1,802,267
9731,261,39,1,485,1,548,181
9732,34,6,1,71,0,76,31
9733,89,20,1,204,0,221,96
9734,244,46,1,535,0,603,228
9735,316,81,1,699,0,807,296
9736,276,47,1,651,2,729,319
9737,263,74,1,715,1,782,374
9738,227,89,1,680,0,850,354
9739,148,97,1,681,0,912,433
9741,65,157,1,679,0,1064,455
9742,228,64,1,530,0,669,235
9743,225,92,1,907,0,1159,582
9744,180,92,1,763,0,968,463
9745,156,91,1,762,0,1052,507
9746,330,68,1,783,0,903,368
9747,265,83,1,797,1,989,444
9748,265,82,1,809,0,981,452
9749,189,78,1,686,0,969,412
9751,364,109,1,908,0,1011,419
9752,245,41,1,626,0,721,336
9753,204,51,1,636,2,777,379
9754,192,63,1,648,0,744,380
9755,160,46,1,492,0,605,285
9756,247,93,1,784,1,980,433
9801,114,36,1,339,0,434,185
9900,0,0,1,0,0,0,0
9901,0,0,1,0,0,0,0
9902,0,0,1,0,0,0,0
