precinctid,no,under_vote,precincts,ballots_cast,over_vote,registration,yes
1101,175,40,1,446,0,586,228
1102,357,58,1,810,0,996,391
1103,331,60,1,781,1,971,381
1104,340,66,1,763,0,991,359
1106,260,54,1,600,0,808,278
1107,231,52,1,506,0,781,220
1108,331,60,1,744,0,951,345
1109,272,42,1,617,3,809,294
1111,304,67,1,717,1,1031,335
1112,228,58,1,557,0,765,262
1113,220,33,1,547,0,713,284
1114,310,66,1,741,0,971,365
1115,334,63,1,746,1,910,342
1116,259,63,1,636,0,913,308
1117,286,60,1,644,0,886,290
1118,309,71,1,776,2,1031,386
1119,238,58,1,587,0,783,286
1121,190,45,1,525,0,691,289
1122,179,42,1,482,0,658,260
1123,278,53,1,646,0,954,316
1124,235,54,1,556,1,831,260
1125,269,83,1,745,1,1029,387
1126,262,66,1,701,1,954,362
1127,227,75,1,685,0,911,382
1128,226,79,1,686,1,907,374
1129,199,73,1,703,0,951,427
1131,205,72,1,574,0,853,295
1132,266,72,1,721,0,982,379
1133,235,49,1,661,0,870,368
1134,217,51,1,593,0,793,324
1135,173,24,1,421,0,521,221
1136,253,50,1,669,0,857,359
1141,356,63,1,812,1,1047,389
1142,262,58,1,667,0,858,333
1143,359,56,1,801,0,1056,374
1144,318,65,1,713,0,928,330
1145,345,47,1,753,0,931,350
1146,321,61,1,791,3,1036,401
1147,353,54,1,734,3,927,319
1148,283,65,1,727,0,992,374
1149,345,62,1,747,0,950,337
1151,0,0,1,0,0,0,0
1152,254,49,1,671,0,898,365
1153,312,65,1,749,1,961,362
1154,0,0,1,0,0,0,0
7001,248,31,1,559,0,742,280
7002,374,65,1,997,1,1225,556
7003,363,43,1,834,1,927,423
7004,390,47,1,808,3,896,359
7005,378,49,1,755,0,853,321
7006,466,43,1,799,0,966,282
7007,417,60,1,870,0,987,382
7008,391,52,1,820,2,882,365
7009,376,39,1,750,0,931,330
7011,311,49,1,621,1,1063,256
7012,453,57,1,925,1,1034,402
7013,285,31,1,640,0,733,319
7014,417,60,1,928,1,1073,439
7015,46,4,1,81,0,113,29
7016,259,55,1,593,2,977,278
7017,248,40,1,469,0,786,183
7018,277,58,1,672,0,992,331
7019,291,50,1,696,0,945,352
7021,293,48,1,631,0,993,283
7022,301,54,1,667,1,1032,299
7023,276,66,1,671,1,938,314
7024,52,8,1,119,0,309,57
7025,132,22,1,266,0,505,111
7026,185,63,1,700,0,1022,439
7027,208,67,1,577,0,879,297
7028,278,60,1,544,2,900,206
7029,243,61,1,525,1,924,214
7030,163,47,1,558,0,787,345
7031,125,40,1,392,0,511,220
7032,246,55,1,589,3,938,275
7033,244,61,1,546,1,814,240
7034,241,45,1,515,0,954,226
7035,140,33,1,341,0,476,167
7036,202,40,1,596,0,967,349
7037,181,46,1,379,0,840,149
7038,223,59,1,595,0,960,312
7039,243,40,1,625,0,831,336
7041,10,6,1,42,0,62,27
7042,204,49,1,514,0,697,258
7043,263,37,1,640,0,990,334
7044,178,52,1,415,0,867,187
7045,202,48,1,531,0,803,278
7046,139,18,1,319,0,435,156
7047,217,47,1,602,0,858,331
7048,168,53,1,518,0,877,294
7049,156,71,1,534,0,829,303
7051,209,63,1,612,0,909,334
7052,228,48,1,675,0,894,394
7053,128,39,1,462,0,552,282
7054,325,38,1,683,1,1068,317
7101,62,14,1,126,0,150,49
7201,339,74,1,868,1,983,485
7202,266,49,1,752,0,885,427
7203,326,77,1,840,2,950,413
7204,313,69,1,833,0,933,438
7205,308,64,1,815,1,903,436
7206,139,27,1,340,1,390,170
7207,232,72,1,595,0,712,284
7208,201,70,1,539,0,635,260
7209,203,35,1,491,1,563,243
7301,284,89,1,813,0,1080,438
7302,254,75,1,732,0,862,398
7303,342,92,1,851,1,1032,415
7304,349,76,1,828,0,993,398
7305,303,63,1,772,1,906,385
7306,347,92,1,882,1,1076,413
7307,302,71,1,674,0,826,291
7308,238,55,1,548,1,641,248
7309,292,75,1,764,0,897,385
7311,314,103,1,853,0,986,418
7312,287,77,1,768,0,874,397
7313,308,85,1,798,1,1001,386
7314,170,78,1,511,1,833,251
7315,245,78,1,597,1,783,261
7316,297,63,1,661,0,893,296
7317,297,53,1,743,0,938,378
7318,234,98,1,689,0,788,344
7319,352,97,1,908,0,1123,443
7321,189,61,1,493,1,683,235
7322,161,93,1,526,0,937,266
7323,257,70,1,727,0,888,388
7324,225,54,1,601,1,756,307
7325,327,90,1,792,0,973,362
7326,322,69,1,749,1,922,347
7327,113,65,1,434,1,762,253
7328,192,112,1,617,2,1024,311
7329,152,44,1,454,0,607,256
7331,259,76,1,793,1,933,442
7332,316,58,1,718,0,889,334
7333,361,107,1,888,1,1101,404
7334,328,80,1,774,1,963,351
7335,373,83,1,894,0,1002,422
7336,313,95,1,883,1,1017,461
7337,291,70,1,755,1,944,382
7338,192,100,1,695,0,1005,394
7339,202,44,1,495,0,660,245
7341,318,77,1,765,0,974,360
7342,362,68,1,791,1,1034,354
7343,271,67,1,618,0,746,276
7344,373,90,1,916,0,1143,447
7345,392,97,1,891,1,1186,390
7346,368,66,1,762,0,991,319
7347,398,77,1,841,0,1085,348
7348,262,59,1,647,0,957,312
7349,325,86,1,771,1,1006,348
7501,191,55,1,522,0,574,269
7502,302,75,1,694,0,808,307
7503,290,60,1,688,1,808,328
7504,199,57,1,420,0,503,150
7505,333,75,1,762,1,915,337
7506,357,72,1,798,0,1018,348
7507,307,59,1,631,0,992,262
7508,247,61,1,606,0,735,290
7509,325,74,1,825,0,1006,416
7512,220,41,1,493,0,638,227
7513,296,77,1,601,0,836,224
7514,246,75,1,544,1,886,216
7515,349,73,1,710,0,898,282
7516,294,86,1,759,0,907,374
7517,472,56,1,826,0,956,290
7518,516,56,1,858,0,993,279
7519,370,65,1,676,0,802,231
7521,403,47,1,726,1,854,265
7522,419,49,1,742,0,848,267
7523,440,46,1,689,0,821,196
7524,288,55,1,532,0,728,183
7525,310,56,1,636,0,870,260
7526,453,64,1,858,1,999,323
7527,298,57,1,624,0,773,255
7529,502,57,1,860,1,992,294
7531,493,51,1,805,1,954,255
7532,346,62,1,741,0,886,325
7533,531,59,1,910,1,1025,306
7534,445,50,1,775,1,967,270
7535,408,54,1,711,0,807,243
7536,420,65,1,775,0,895,282
7537,394,41,1,664,1,783,221
7538,434,53,1,736,0,831,238
7539,507,53,1,821,0,978,258
7541,418,48,1,728,0,865,259
7542,462,37,1,756,0,906,252
7543,454,63,1,806,0,993,286
7544,419,60,1,821,1,962,336
7545,414,68,1,833,0,970,343
7546,442,65,1,817,0,935,300
7547,498,68,1,837,1,1057,255
7548,507,71,1,894,2,1135,307
7549,379,59,1,734,1,854,287
7551,373,47,1,669,1,762,242
7552,393,48,1,678,1,756,225
7553,76,22,1,168,0,187,66
7554,391,55,1,769,1,859,308
7555,442,59,1,846,0,893,333
7556,480,55,1,906,0,1008,361
7601,262,60,1,588,0,929,258
7602,355,70,1,689,1,962,259
7603,350,42,1,690,0,888,290
7604,307,47,1,677,0,989,316
7605,193,44,1,428,1,771,190
7606,327,64,1,640,1,992,244
7607,318,69,1,710,0,1055,310
7608,86,36,1,244,0,456,118
7609,217,82,1,551,0,1051,247
7611,222,71,1,479,0,898,178
7612,153,42,1,418,0,668,216
7613,260,60,1,617,0,1015,288
7614,344,72,1,793,2,1177,371
7615,218,59,1,528,1,1020,243
7616,327,45,1,807,0,981,428
7617,196,71,1,516,0,898,240
7618,267,39,1,689,0,948,382
7619,584,132,1,1485,2,1971,758
7621,317,58,1,800,0,1082,419
7622,228,62,1,534,0,1007,236
7623,194,37,1,467,0,839,230
7624,248,54,1,565,1,1074,255
7625,151,88,1,617,0,896,372
7626,349,62,1,1011,1,1177,590
7627,367,119,1,1326,0,1586,818
7628,322,48,1,720,3,1006,342
7629,250,37,1,577,1,837,283
7631,368,73,1,915,1,1143,470
7632,229,37,1,532,0,727,264
7633,192,56,1,574,0,731,322
7634,246,67,1,706,0,1017,385
7635,249,36,1,643,1,868,349
7636,270,67,1,784,0,993,441
7637,379,108,1,1151,3,1361,654
7638,314,82,1,1135,0,1285,722
7639,269,72,1,891,0,1011,535
7641,274,49,1,795,0,977,456
7642,247,138,1,810,1,967,408
7643,239,64,1,758,1,959,444
7644,332,89,1,925,0,1111,494
7645,159,49,1,587,0,669,367
7646,700,127,1,1893,1,2163,1030
7647,310,56,1,598,0,1028,226
7648,2,0,1,3,0,4,1
7701,422,88,1,914,2,1049,392
7702,255,55,1,663,0,775,345
7703,22,15,1,100,0,178,56
7704,329,73,1,881,1,1006,467
7705,194,28,1,495,0,554,270
7706,341,50,1,773,0,853,382
7707,341,56,1,784,0,854,378
7708,337,54,1,783,0,894,380
7709,184,28,1,354,0,390,137
7711,326,56,1,685,1,789,296
7712,253,42,1,518,0,577,215
7801,451,55,1,964,0,975,452
7802,313,51,1,723,0,760,352
7803,339,39,1,774,0,827,387
7804,412,60,1,876,0,932,396
7805,345,50,1,761,0,852,362
7806,374,39,1,663,1,746,242
7807,369,29,1,671,0,774,270
7808,312,40,1,578,1,702,221
7809,507,54,1,1091,1,1234,521
7811,382,43,1,696,1,806,258
7812,362,48,1,752,0,892,342
7813,503,66,1,943,0,1061,363
7814,338,52,1,667,1,919,272
7815,442,59,1,879,0,967,371
7816,351,39,1,823,1,896,423
7817,369,42,1,711,0,804,294
7818,395,42,1,787,1,889,341
7819,353,42,1,682,1,809,279
7821,402,40,1,916,1,998,466
7822,387,42,1,776,1,951,345
7823,410,42,1,806,1,928,349
7824,308,40,1,665,0,794,311
7825,273,26,1,521,0,578,219
7826,380,39,1,633,2,709,206
7827,435,60,1,758,0,931,254
7828,389,63,1,924,1,1053,461
7829,367,37,1,841,1,904,430
7831,381,39,1,803,0,906,379
7832,328,45,1,759,0,824,377
7833,405,40,1,710,0,785,257
7834,455,49,1,775,0,901,263
7835,347,39,1,785,0,863,390
7836,406,37,1,903,0,990,453
7837,387,61,1,840,1,934,383
7838,359,41,1,839,0,933,435
7839,369,41,1,785,0,869,357
7841,436,47,1,839,1,947,345
7842,491,44,1,864,1,960,319
7843,389,45,1,679,0,802,237
7844,331,42,1,594,0,682,217
7845,381,57,1,783,1,869,341
7846,384,58,1,814,0,925,360
7847,380,64,1,843,2,960,391
7848,419,52,1,818,0,905,343
7849,480,47,1,864,1,967,335
7851,174,29,1,472,1,528,264
7852,239,34,1,584,0,644,304
7853,339,46,1,770,0,896,377
7854,383,59,1,825,0,933,373
7855,448,58,1,870,1,968,355
7856,410,54,1,769,0,849,297
7857,496,37,1,854,1,963,313
7858,415,41,1,674,0,791,211
7859,396,60,1,834,0,915,370
7861,381,52,1,776,1,881,317
7862,422,50,1,815,0,923,335
7863,439,56,1,819,2,939,317
7864,372,47,1,703,0,815,284
7865,372,53,1,754,0,853,318
7866,284,51,1,746,0,831,407
7867,411,47,1,822,0,946,359
7868,336,50,1,764,0,901,365
7869,401,48,1,789,0,874,334
7871,394,55,1,804,1,909,350
7872,429,46,1,819,0,902,343
7873,409,47,1,788,1,874,324
7874,213,25,1,408,1,482,167
7875,275,41,1,525,1,628,206
7901,447,75,1,952,0,1286,429
7902,398,57,1,842,0,1064,372
7903,315,48,1,652,0,929,283
7904,358,36,1,694,1,926,292
7905,324,35,1,718,0,851,353
7906,384,50,1,653,1,854,214
7907,421,68,1,834,0,991,335
7908,516,68,1,872,1,1008,280
7909,353,39,1,644,1,787,248
7911,392,56,1,734,0,907,276
7912,476,73,1,874,0,1090,318
7913,443,44,1,800,0,964,307
7914,434,49,1,752,0,895,261
7915,394,39,1,716,0,892,281
7916,449,38,1,768,1,953,274
7917,503,54,1,868,1,1073,299
7918,400,45,1,697,0,860,249
7919,450,53,1,767,1,928,262
7921,370,49,1,694,0,970,270
7922,394,55,1,705,1,884,245
7923,427,40,1,689,0,930,221
7924,365,45,1,696,1,883,281
7925,292,24,1,483,0,591,164
7926,419,50,1,695,0,820,214
7927,406,33,1,688,0,782,246
7928,479,37,1,849,2,976,321
7929,463,38,1,780,0,871,276
7931,385,42,1,687,1,765,252
7932,257,29,1,482,0,557,206
7933,4,0,1,7,0,8,3
7934,485,40,1,772,0,888,242
7935,517,49,1,851,1,949,277
7936,453,32,1,764,1,876,272
7937,448,48,1,780,0,909,276
7938,387,43,1,636,1,808,202
7939,353,31,1,593,0,674,201
7941,377,51,1,655,0,790,224
7942,388,57,1,769,0,950,309
7943,357,59,1,780,1,938,360
7944,394,39,1,692,0,830,255
7945,344,52,1,663,0,926,261
7946,286,50,1,716,0,976,372
7947,293,64,1,717,0,964,354
7948,302,63,1,721,0,933,346
7949,166,28,1,433,1,594,235
7951,238,61,1,645,0,841,339
7952,277,50,1,651,0,865,313
7953,267,55,1,677,1,853,353
7954,0,0,1,0,0,0,0
7955,261,66,1,684,1,899,348
7956,205,60,1,579,0,779,304
7957,226,41,1,524,1,664,252
7958,84,12,1,199,0,291,100
9001,78,18,1,197,1,269,99
9101,319,70,1,740,1,899,342
9102,363,66,1,817,0,989,376
9103,327,70,1,786,0,971,383
9104,368,72,1,795,0,1004,341
9105,332,79,1,817,0,975,399
9106,356,70,1,819,0,938,379
9107,289,64,1,679,0,859,316
9108,339,58,1,691,0,815,289
9109,318,66,1,749,0,875,361
9111,288,77,1,637,1,785,263
9112,371,48,1,804,1,975,377
9113,402,75,1,853,0,1008,363
9114,350,80,1,749,1,913,314
9115,384,76,1,761,0,948,290
9116,389,72,1,811,2,986,330
9117,287,47,1,670,0,785,331
9118,315,69,1,780,1,987,383
9119,302,69,1,744,1,911,370
9121,302,78,1,758,0,950,367
9122,327,76,1,769,0,976,358
9123,314,71,1,740,0,902,355
9124,326,67,1,730,0,940,329
9125,328,87,1,740,0,911,314
9126,343,69,1,820,1,978,404
9127,351,83,1,819,0,985,382
9128,300,76,1,727,0,859,347
9129,302,44,1,621,0,772,267
9131,311,64,1,661,0,806,279
9132,340,77,1,701,0,898,278
9133,397,96,1,888,2,1083,388
9134,317,96,1,767,1,937,340
9135,244,52,1,652,0,831,348
9136,360,62,1,788,0,952,358
9137,331,78,1,785,0,977,362
9138,316,58,1,771,0,930,387
9139,367,79,1,831,1,1004,376
9141,331,61,1,794,0,963,397
9142,423,61,1,843,0,1003,349
9143,342,73,1,747,0,921,317
9144,405,65,1,832,1,983,350
9145,341,55,1,753,1,889,348
9146,406,72,1,799,0,929,316
9147,399,67,1,818,0,983,343
9148,419,59,1,869,0,1007,377
9149,416,84,1,842,0,976,328
9151,308,62,1,704,0,858,321
9152,299,89,1,636,1,842,236
9201,452,57,1,893,1,1047,379
9202,321,77,1,806,0,962,405
9203,231,81,1,857,0,1006,531
9204,218,52,1,733,0,849,454
9205,224,62,1,652,0,760,357
9206,258,77,1,822,1,960,478
9207,240,73,1,845,0,980,519
9208,255,85,1,897,0,1028,546
9209,176,62,1,646,0,750,395
9211,235,87,1,778,0,910,446
9212,221,76,1,746,0,857,433
9213,299,80,1,853,0,987,466
9214,149,45,1,539,0,632,341
9215,167,44,1,566,0,645,346
9216,223,78,1,726,1,861,405
9217,237,56,1,662,1,761,355
9218,240,65,1,730,1,868,410
9219,229,91,1,719,1,829,392
9221,178,42,1,637,0,662,412
9222,244,65,1,811,0,889,481
9223,164,70,1,573,0,664,330
9224,257,76,1,863,0,993,517
9225,309,104,1,926,1,994,489
9226,275,66,1,833,0,960,482
9227,241,42,1,665,0,759,371
9228,237,53,1,651,1,725,357
9229,193,41,1,555,0,615,314
9231,395,52,1,869,1,1006,413
9232,260,59,1,695,1,746,364
9233,261,63,1,736,0,816,405
9234,217,58,1,664,0,759,372
9235,261,55,1,818,0,907,489
9236,223,44,1,600,0,682,320
9237,265,64,1,824,0,941,481
9238,280,62,1,809,0,846,451
9239,288,77,1,838,0,885,458
9241,318,79,1,894,0,1027,483
9242,307,67,1,885,1,1023,501
9243,189,52,1,555,0,611,306
9244,317,80,1,824,1,940,417
9245,234,58,1,627,0,725,325
9246,324,63,1,842,0,964,443
9247,329,80,1,885,1,1004,464
9248,322,71,1,846,0,955,443
9249,319,74,1,807,0,926,399
9251,345,64,1,871,1,982,453
9252,334,62,1,837,0,943,428
9253,265,80,1,709,0,808,352
9254,385,68,1,871,0,951,406
9255,221,46,1,518,0,577,244
9256,146,16,1,342,0,403,175
9257,154,26,1,287,0,339,99
9258,284,46,1,645,0,715,310
9401,397,65,1,815,1,1014,346
9402,363,69,1,816,0,1028,375
9403,329,51,1,739,0,933,351
9404,297,48,1,744,1,921,394
9405,284,55,1,699,0,818,349
9406,351,59,1,791,0,916,375
9407,311,82,1,728,1,941,325
9408,370,69,1,704,0,879,260
9409,272,46,1,524,1,626,205
9411,445,56,1,840,0,1051,317
9412,319,66,1,703,0,885,317
9413,294,55,1,742,0,907,379
9414,332,64,1,740,0,894,337
9415,263,57,1,637,0,798,311
9416,320,93,1,806,1,1018,383
9417,220,53,1,604,0,759,325
9418,233,59,1,642,1,814,339
9419,266,65,1,708,0,902,370
9421,299,71,1,732,0,929,360
9422,345,81,1,887,0,1082,449
9423,272,67,1,718,0,909,373
9424,276,49,1,756,0,951,422
9425,269,79,1,748,0,964,394
9426,239,67,1,663,0,835,350
9427,256,71,1,733,0,963,404
9428,276,62,1,754,0,963,411
9429,275,71,1,707,0,909,356
9431,304,67,1,821,1,1024,438
9432,258,80,1,718,0,913,377
9433,280,73,1,759,0,973,401
9434,302,66,1,803,0,997,429
9435,274,81,1,765,0,969,400
9436,282,85,1,783,0,994,407
9437,263,62,1,713,1,954,377
9438,288,66,1,791,1,1000,430
9439,258,72,1,690,1,903,356
9441,318,56,1,800,2,1004,417
9442,321,81,1,809,0,1027,400
9443,274,60,1,748,0,937,408
9444,235,79,1,720,0,955,396
9445,278,70,1,751,0,993,392
9446,334,78,1,912,0,1084,491
9447,329,63,1,761,0,954,361
9448,296,61,1,728,1,950,361
9449,219,49,1,639,0,820,366
9451,142,28,1,370,1,438,195
9452,260,51,1,701,0,829,381
9453,161,35,1,415,0,502,213
9501,55,12,1,131,0,153,60
9502,102,17,1,209,0,233,88
9503,281,77,1,674,0,822,301
9505,301,59,1,617,1,804,254
9506,290,45,1,602,0,810,265
9507,366,46,1,638,0,783,221
9508,434,53,1,720,0,862,227
9509,373,49,1,661,0,758,230
9511,306,47,1,529,2,630,166
9512,398,48,1,709,2,848,255
9513,449,59,1,766,0,952,254
9514,481,68,1,832,0,959,277
9515,352,51,1,646,0,748,236
9516,378,68,1,763,1,922,310
9517,396,64,1,713,1,854,238
9518,376,65,1,707,0,826,249
9519,447,73,1,790,0,922,262
9521,460,77,1,827,0,947,277
9701,283,52,1,571,0,664,231
9702,336,51,1,640,1,760,243
9703,331,80,1,818,0,989,402
9704,386,52,1,836,0,971,388
9705,399,85,1,836,0,954,339
9706,26,5,1,54,0,54,22
9707,270,43,1,679,3,805,360
9708,391,69,1,829,0,956,355
9709,315,70,1,848,0,1029,452
9711,217,51,1,572,0,643,295
9712,229,37,1,593,1,656,316
9713,286,68,1,782,1,974,419
9714,283,73,1,825,1,941,457
9715,160,42,1,521,0,580,306
9716,296,66,1,791,1,975,425
9717,350,64,1,837,0,993,425
9718,293,44,1,755,0,859,408
9719,298,46,1,755,0,880,407
9721,196,32,1,575,1,657,341
9722,190,51,1,543,0,634,288
9723,94,30,1,396,0,478,270
9724,260,59,1,824,0,978,495
9725,238,71,1,783,1,985,479
9726,277,79,1,606,0,782,241
9727,114,27,1,396,0,454,252
9728,273,47,1,805,0,937,479
9729,235,44,1,708,2,802,419
9731,155,28,1,485,0,548,299
9732,25,3,1,71,0,76,43
9733,73,15,1,204,0,221,117
9734,168,32,1,535,0,603,318
9735,206,66,1,699,1,807,420
9736,265,43,1,651,1,729,335
9737,310,58,1,715,0,782,344
9738,271,73,1,680,0,850,326
9739,330,75,1,681,0,912,273
9741,281,141,1,679,0,1064,255
9742,163,59,1,530,0,669,305
9743,387,85,1,907,0,1159,427
9744,351,70,1,763,0,968,314
9745,346,74,1,762,1,1052,333
9746,260,52,1,783,0,903,454
9747,322,59,1,797,0,989,412
9748,289,78,1,809,0,981,432
9749,316,56,1,686,0,969,307
9751,368,93,1,908,0,1011,431
9752,262,37,1,626,0,721,323
9753,300,40,1,636,0,777,296
9754,309,52,1,648,0,744,274
9755,234,33,1,492,0,605,224
9756,272,76,1,784,1,980,425
9801,143,25,1,339,0,434,167
9900,0,0,1,0,0,0,0
9901,0,0,1,0,0,0,0
9902,0,0,1,0,0,0,0
