precinctid,no,under_vote,precincts,ballots_cast,over_vote,registration,yes
1101,224,46,1,446,0,586,173
1102,427,64,1,810,0,996,315
1103,383,64,1,781,0,971,326
1104,345,75,1,763,0,991,345
1106,295,67,1,600,1,808,229
1107,239,56,1,506,1,781,207
1108,339,72,1,744,0,951,325
1109,278,61,1,617,0,809,272
1111,307,79,1,717,0,1031,321
1112,228,70,1,557,0,765,250
1113,258,45,1,547,0,713,234
1114,296,84,1,741,0,971,361
1115,327,75,1,746,0,910,338
1116,250,72,1,636,0,913,308
1117,285,63,1,644,0,886,288
1118,297,82,1,776,0,1031,389
1119,240,72,1,587,0,783,270
1121,219,55,1,525,0,691,250
1122,197,47,1,482,0,658,237
1123,275,65,1,646,0,954,307
1124,212,61,1,556,1,831,276
1125,249,83,1,745,0,1029,408
1126,258,80,1,701,3,954,350
1127,255,81,1,685,2,911,346
1128,235,82,1,686,1,907,362
1129,256,91,1,703,0,951,352
1131,208,81,1,574,0,853,283
1132,275,94,1,721,1,982,347
1133,285,65,1,661,1,870,301
1134,250,59,1,593,0,793,283
1135,188,30,1,421,0,521,200
1136,269,61,1,669,1,857,331
1141,375,82,1,812,0,1047,352
1142,304,51,1,667,1,858,297
1143,367,74,1,801,0,1056,348
1144,319,78,1,713,1,928,315
1145,380,62,1,753,0,931,300
1146,335,73,1,791,0,1036,378
1147,361,68,1,734,2,927,298
1148,312,74,1,727,2,992,334
1149,367,69,1,747,1,950,307
1151,0,0,1,0,0,0,0
1152,280,63,1,671,0,898,325
1153,327,76,1,749,0,961,337
1154,0,0,1,0,0,0,0
7001,282,41,1,559,0,742,236
7002,463,103,1,997,0,1225,430
7003,457,66,1,834,0,927,307
7004,461,72,1,808,1,896,265
7005,435,69,1,755,0,853,244
7006,479,60,1,799,0,966,252
7007,504,84,1,870,0,987,271
7008,481,84,1,820,0,882,245
7009,417,54,1,750,0,931,274
7011,292,52,1,621,0,1063,273
7012,523,78,1,925,1,1034,311
7013,347,56,1,640,0,733,232
7014,474,79,1,928,1,1073,363
7015,43,6,1,81,0,113,30
7016,239,61,1,593,0,977,294
7017,202,47,1,469,1,786,221
7018,249,54,1,672,0,992,363
7019,302,57,1,696,0,945,334
7021,268,46,1,631,0,993,310
7022,286,55,1,667,0,1032,314
7023,303,64,1,671,0,938,290
7024,46,8,1,119,0,309,63
7025,122,24,1,266,0,505,119
7026,216,74,1,700,0,1022,397
7027,206,66,1,577,0,879,300
7028,249,55,1,544,2,900,240
7029,209,64,1,525,0,924,246
7030,191,55,1,558,1,787,308
7031,136,49,1,392,0,511,200
7032,228,59,1,589,2,938,290
7033,218,63,1,546,1,814,264
7034,204,47,1,515,0,954,261
7035,144,26,1,341,0,476,170
7036,200,44,1,596,0,967,347
7037,149,44,1,379,1,840,182
7038,213,58,1,595,0,960,323
7039,252,49,1,625,0,831,318
7041,10,9,1,42,0,62,24
7042,199,52,1,514,0,697,260
7043,225,50,1,640,0,990,359
7044,148,48,1,415,0,867,221
7045,207,53,1,531,0,803,268
7046,130,31,1,319,0,435,152
7047,227,61,1,602,0,858,307
7048,172,52,1,518,0,877,291
7049,162,86,1,534,0,829,282
7051,199,72,1,612,0,909,335
7052,264,56,1,675,0,894,350
7053,148,54,1,462,0,552,247
7054,315,50,1,683,0,1068,316
7101,62,13,1,126,0,150,50
7201,402,99,1,868,0,983,398
7202,294,66,1,752,1,885,381
7203,361,96,1,840,1,950,360
7204,376,89,1,833,1,933,354
7205,372,79,1,815,0,903,358
7206,170,31,1,340,0,390,136
7207,242,84,1,595,0,712,262
7208,227,84,1,539,2,635,218
7209,271,40,1,491,0,563,171
7301,318,108,1,813,1,1080,384
7302,317,80,1,732,0,862,330
7303,397,108,1,851,0,1032,345
7304,389,101,1,828,0,993,333
7305,395,82,1,772,0,906,275
7306,395,115,1,882,0,1076,343
7307,343,78,1,674,0,826,243
7308,283,66,1,548,1,641,192
7309,322,99,1,764,1,897,330
7311,395,124,1,853,1,986,315
7312,364,101,1,768,1,874,295
7313,381,103,1,798,0,1001,296
7314,184,96,1,511,1,833,219
7315,262,105,1,597,0,783,218
7316,305,81,1,661,0,893,270
7317,349,73,1,743,0,938,306
7318,284,121,1,689,0,788,271
7319,401,126,1,908,0,1123,365
7321,220,70,1,493,0,683,196
7322,144,112,1,526,0,937,264
7323,301,98,1,727,1,888,315
7324,244,79,1,601,0,756,264
7325,360,118,1,792,0,973,301
7326,326,99,1,749,0,922,314
7327,166,75,1,434,0,762,191
7328,186,166,1,617,0,1024,265
7329,205,56,1,454,0,607,191
7331,354,90,1,793,2,933,332
7332,352,75,1,718,0,889,281
7333,380,137,1,888,0,1101,356
7334,393,93,1,774,0,963,274
7335,439,105,1,894,0,1002,334
7336,363,108,1,883,0,1017,399
7337,344,83,1,755,1,944,316
7338,228,140,1,695,0,1005,318
7339,200,52,1,495,0,660,239
7341,347,94,1,765,0,974,314
7342,396,88,1,791,0,1034,301
7343,308,79,1,618,0,746,227
7344,405,112,1,916,0,1143,393
7345,426,120,1,891,2,1186,332
7346,374,83,1,762,0,991,296
7347,392,88,1,841,0,1085,343
7348,271,86,1,647,0,957,276
7349,364,100,1,771,0,1006,296
7501,229,78,1,522,0,574,208
7502,326,81,1,694,0,808,277
7503,313,76,1,688,0,808,290
7504,195,68,1,420,0,503,143
7505,386,84,1,762,1,915,275
7506,354,99,1,798,0,1018,324
7507,312,65,1,631,1,992,250
7508,255,72,1,606,0,735,271
7509,353,93,1,825,0,1006,369
7512,252,45,1,493,0,638,191
7513,262,83,1,601,0,836,252
7514,229,87,1,544,1,886,221
7515,335,79,1,710,0,898,290
7516,351,104,1,759,0,907,299
7517,491,71,1,826,0,956,256
7518,546,74,1,858,1,993,230
7519,410,81,1,676,1,802,174
7521,422,68,1,726,0,854,226
7522,458,65,1,742,0,848,212
7523,447,61,1,689,0,821,174
7524,289,60,1,532,0,728,177
7525,338,59,1,636,1,870,228
7526,478,87,1,858,0,999,276
7527,335,61,1,624,0,773,214
7529,522,78,1,860,0,992,254
7531,478,74,1,805,0,954,248
7532,384,94,1,741,0,886,255
7533,554,77,1,910,0,1025,266
7534,482,69,1,775,0,967,215
7535,428,61,1,711,1,807,215
7536,480,79,1,775,0,895,208
7537,411,53,1,664,0,783,193
7538,441,69,1,736,0,831,215
7539,526,60,1,821,0,978,232
7541,453,57,1,728,0,865,215
7542,487,51,1,756,0,906,213
7543,472,84,1,806,0,993,247
7544,460,73,1,821,1,962,282
7545,444,96,1,833,0,970,285
7546,497,82,1,817,0,935,228
7547,528,84,1,837,0,1057,210
7548,540,90,1,894,1,1135,256
7549,399,82,1,734,0,854,245
7551,425,67,1,669,0,762,171
7552,426,63,1,678,0,756,178
7553,73,28,1,168,0,187,63
7554,472,62,1,769,0,859,221
7555,529,73,1,846,0,893,232
7556,561,68,1,906,0,1008,267
7601,247,73,1,588,0,929,260
7602,318,75,1,689,1,962,291
7603,339,69,1,690,0,888,274
7604,292,60,1,677,0,989,318
7605,179,54,1,428,0,771,195
7606,278,75,1,640,0,992,283
7607,311,74,1,710,0,1055,312
7608,81,40,1,244,0,456,119
7609,188,93,1,551,0,1051,265
7611,177,83,1,479,0,898,211
7612,164,60,1,418,0,668,187
7613,252,66,1,617,1,1015,289
7614,321,92,1,793,1,1177,375
7615,191,59,1,528,3,1020,268
7616,356,84,1,807,0,981,360
7617,184,76,1,516,0,898,247
7618,304,54,1,689,1,948,329
7619,640,169,1,1485,0,1971,667
7621,318,81,1,800,1,1082,394
7622,217,76,1,534,0,1007,233
7623,168,51,1,467,0,839,242
7624,231,58,1,565,0,1074,269
7625,187,108,1,617,0,896,316
7626,423,100,1,1011,1,1177,478
7627,505,152,1,1326,0,1586,647
7628,340,76,1,720,1,1006,298
7629,273,58,1,577,0,837,240
7631,398,98,1,915,0,1143,416
7632,247,44,1,532,0,727,239
7633,209,69,1,574,0,731,292
7634,243,95,1,706,1,1017,359
7635,319,62,1,643,0,868,254
7636,319,92,1,784,0,993,367
7637,445,148,1,1151,0,1361,551
7638,440,123,1,1135,0,1285,555
7639,389,99,1,891,1,1011,387
7641,358,72,1,795,0,977,349
7642,269,165,1,810,0,967,360
7643,326,92,1,758,0,959,330
7644,399,128,1,925,2,1111,386
7645,255,62,1,587,0,669,258
7646,841,193,1,1893,0,2163,824
7647,245,70,1,598,0,1028,277
7648,2,1,1,3,0,4,0
7701,490,110,1,914,0,1049,304
7702,306,76,1,663,1,775,272
7703,21,14,1,100,0,178,58
7704,429,85,1,881,0,1006,356
7705,271,35,1,495,1,554,185
7706,418,61,1,773,1,853,293
7707,410,72,1,784,0,854,293
7708,393,75,1,783,0,894,303
7709,197,33,1,354,0,390,119
7711,369,68,1,685,0,789,242
7712,309,46,1,518,0,577,155
7801,526,62,1,964,0,975,370
7802,372,65,1,723,1,760,278
7803,409,63,1,774,1,827,292
7804,493,71,1,876,0,932,304
7805,353,58,1,761,0,852,346
7806,375,55,1,663,2,746,224
7807,385,39,1,671,1,774,243
7808,322,50,1,578,0,702,202
7809,568,79,1,1091,0,1234,436
7811,402,61,1,696,1,806,220
7812,400,69,1,752,0,892,283
7813,529,90,1,943,0,1061,313
7814,337,62,1,667,2,919,262
7815,454,80,1,879,0,967,338
7816,406,52,1,823,0,896,356
7817,394,52,1,711,0,804,259
7818,438,57,1,787,0,889,284
7819,393,54,1,682,1,809,227
7821,484,55,1,916,1,998,369
7822,397,60,1,776,0,951,318
7823,441,59,1,806,0,928,302
7824,357,47,1,665,0,794,255
7825,294,41,1,521,0,578,183
7826,394,54,1,633,0,709,179
7827,453,80,1,758,0,931,216
7828,458,82,1,924,0,1053,374
7829,447,52,1,841,0,904,336
7831,417,41,1,803,1,906,340
7832,380,61,1,759,1,824,308
7833,424,52,1,710,0,785,226
7834,498,65,1,775,0,901,204
7835,415,55,1,785,0,863,306
7836,429,63,1,903,0,990,404
7837,453,76,1,840,0,934,303
7838,433,55,1,839,0,933,347
7839,417,49,1,785,0,869,301
7841,498,63,1,839,0,947,268
7842,533,61,1,864,0,960,261
7843,416,55,1,679,0,802,200
7844,361,54,1,594,0,682,175
7845,433,81,1,783,0,869,266
7846,409,74,1,814,0,925,319
7847,463,78,1,843,0,960,296
7848,469,76,1,818,0,905,269
7849,531,61,1,864,0,967,271
7851,238,40,1,472,0,528,190
7852,273,38,1,584,0,644,266
7853,372,70,1,770,0,896,320
7854,453,68,1,825,1,933,293
7855,488,90,1,870,0,968,284
7856,439,78,1,769,1,849,243
7857,516,50,1,854,1,963,280
7858,408,58,1,674,0,791,201
7859,476,73,1,834,0,915,277
7861,437,61,1,776,1,881,252
7862,445,69,1,815,0,923,293
7863,476,71,1,819,0,939,267
7864,417,67,1,703,0,815,219
7865,413,67,1,754,0,853,263
7866,373,75,1,746,0,831,294
7867,445,55,1,822,0,946,317
7868,373,50,1,764,0,901,328
7869,442,67,1,789,0,874,274
7871,442,63,1,804,0,909,295
7872,483,60,1,819,0,902,275
7873,464,58,1,788,0,874,259
7874,218,28,1,408,1,482,159
7875,297,48,1,525,1,628,177
7901,509,100,1,952,1,1286,341
7902,438,61,1,842,0,1064,328
7903,332,60,1,652,1,929,253
7904,382,47,1,694,0,926,258
7905,373,53,1,718,0,851,286
7906,386,64,1,653,0,854,199
7907,464,81,1,834,1,991,278
7908,493,110,1,872,2,1008,260
7909,361,60,1,644,2,787,218
7911,421,70,1,734,0,907,233
7912,501,97,1,874,0,1090,269
7913,466,66,1,800,0,964,262
7914,450,57,1,752,0,895,237
7915,412,57,1,716,0,892,245
7916,462,60,1,768,0,953,240
7917,520,69,1,868,0,1073,268
7918,425,52,1,697,0,860,217
7919,482,69,1,767,0,928,215
7921,345,57,1,694,1,970,286
7922,416,71,1,705,2,884,206
7923,435,47,1,689,0,930,206
7924,388,69,1,696,0,883,235
7925,299,34,1,483,0,591,147
7926,432,64,1,695,0,820,187
7927,443,53,1,688,0,782,189
7928,538,45,1,849,1,976,255
7929,517,49,1,780,1,871,210
7931,445,44,1,687,0,765,191
7932,275,36,1,482,0,557,181
7933,3,0,1,7,0,8,4
7934,498,51,1,772,0,888,218
7935,569,52,1,851,1,949,222
7936,489,38,1,764,0,876,231
7937,490,57,1,780,0,909,225
7938,394,49,1,636,0,808,190
7939,379,41,1,593,0,674,165
7941,387,69,1,655,0,790,196
7942,400,67,1,769,0,950,287
7943,352,67,1,780,0,938,358
7944,423,47,1,692,0,830,218
7945,347,64,1,663,0,926,246
7946,312,62,1,716,0,976,334
7947,297,70,1,717,0,964,344
7948,353,73,1,721,0,933,285
7949,167,43,1,433,0,594,220
7951,250,62,1,645,0,841,326
7952,271,52,1,651,1,865,316
7953,300,58,1,677,0,853,318
7954,0,0,1,0,0,0,0
7955,282,75,1,684,0,899,319
7956,199,76,1,579,0,779,294
7957,258,50,1,524,0,664,212
7958,80,18,1,199,0,291,98
9001,77,20,1,197,1,269,98
9101,345,84,1,740,0,899,303
9102,394,86,1,817,0,989,325
9103,367,77,1,786,0,971,336
9104,376,87,1,795,1,1004,317
9105,419,85,1,817,0,975,306
9106,411,92,1,819,0,938,302
9107,318,83,1,679,0,859,268
9108,361,80,1,691,0,815,245
9109,361,85,1,749,0,875,299
9111,308,82,1,637,0,785,239
9112,419,68,1,804,0,975,310
9113,471,86,1,853,1,1008,282
9114,386,101,1,749,0,913,258
9115,433,87,1,761,0,948,230
9116,445,84,1,811,0,986,264
9117,345,63,1,670,0,785,257
9118,353,83,1,780,0,987,332
9119,336,86,1,744,0,911,320
9121,361,86,1,758,0,950,300
9122,354,88,1,769,0,976,319
9123,355,82,1,740,1,902,302
9124,359,87,1,730,1,940,275
9125,346,100,1,740,0,911,283
9126,394,105,1,820,0,978,318
9127,422,103,1,819,0,985,291
9128,373,91,1,727,0,859,259
9129,324,67,1,621,0,772,222
9131,352,82,1,661,0,806,220
9132,365,92,1,701,0,898,238
9133,473,109,1,888,1,1083,300
9134,363,117,1,767,0,937,274
9135,297,71,1,652,0,831,276
9136,384,85,1,788,1,952,310
9137,378,89,1,785,1,977,303
9138,378,69,1,771,0,930,314
9139,407,87,1,831,0,1004,329
9141,407,67,1,794,0,963,315
9142,441,82,1,843,0,1003,310
9143,379,83,1,747,0,921,270
9144,462,82,1,832,0,983,277
9145,413,67,1,753,0,889,265
9146,453,89,1,799,0,929,252
9147,431,83,1,818,0,983,295
9148,465,85,1,869,0,1007,305
9149,457,112,1,842,2,976,257
9151,370,79,1,704,1,858,241
9152,278,99,1,636,0,842,248
9201,489,77,1,893,0,1047,323
9202,398,102,1,806,1,962,302
9203,292,108,1,857,0,1006,443
9204,299,78,1,733,0,849,347
9205,273,81,1,652,0,760,289
9206,321,88,1,822,1,960,404
9207,331,103,1,845,0,980,398
9208,340,111,1,897,0,1028,435
9209,206,78,1,646,0,750,349
9211,278,131,1,778,0,910,359
9212,307,94,1,746,0,857,329
9213,336,100,1,853,1,987,408
9214,228,64,1,539,1,632,242
9215,243,53,1,566,0,645,261
9216,281,98,1,726,0,861,328
9217,264,79,1,662,0,761,306
9218,317,81,1,730,0,868,318
9219,272,109,1,719,0,829,332
9221,296,63,1,637,0,662,273
9222,335,92,1,811,0,889,363
9223,214,71,1,573,0,664,279
9224,376,96,1,863,4,993,374
9225,376,136,1,926,0,994,391
9226,359,111,1,833,0,960,353
9227,341,52,1,665,0,759,261
9228,307,65,1,651,2,725,274
9229,273,61,1,555,0,615,214
9231,471,83,1,869,0,1006,307
9232,322,76,1,695,1,746,285
9233,349,83,1,736,0,816,297
9234,300,68,1,664,0,759,279
9235,377,77,1,818,0,907,351
9236,303,60,1,600,0,682,224
9237,361,95,1,824,0,941,354
9238,372,85,1,809,0,846,336
9239,373,104,1,838,0,885,346
9241,413,109,1,894,0,1027,358
9242,367,101,1,885,0,1023,408
9243,260,61,1,555,1,611,225
9244,379,114,1,824,1,940,321
9245,285,71,1,627,0,725,261
9246,390,83,1,842,0,964,357
9247,382,105,1,885,1,1004,386
9248,394,93,1,846,0,955,349
9249,383,93,1,807,0,926,316
9251,413,87,1,871,0,982,363
9252,388,79,1,837,1,943,356
9253,299,107,1,709,1,808,290
9254,406,94,1,871,0,951,359
9255,232,62,1,518,0,577,217
9256,165,29,1,342,0,403,143
9257,165,27,1,287,1,339,86
9258,321,60,1,645,0,715,259
9401,387,90,1,815,0,1014,332
9402,387,79,1,816,0,1028,341
9403,355,73,1,739,1,933,302
9404,365,57,1,744,0,921,318
9405,305,71,1,699,0,818,312
9406,379,79,1,791,1,916,326
9407,328,95,1,728,0,941,296
9408,365,87,1,704,1,879,246
9409,285,60,1,524,0,626,179
9411,453,84,1,840,0,1051,281
9412,347,79,1,703,0,885,276
9413,348,68,1,742,0,907,312
9414,356,77,1,740,0,894,300
9415,281,70,1,637,0,798,280
9416,340,109,1,806,2,1018,346
9417,266,65,1,604,0,759,267
9418,257,82,1,642,0,814,293
9419,316,79,1,708,0,902,306
9421,321,95,1,732,0,929,314
9422,388,111,1,887,0,1082,376
9423,338,84,1,718,0,909,290
9424,315,63,1,756,0,951,369
9425,311,96,1,748,1,964,334
9426,261,77,1,663,0,835,318
9427,296,82,1,733,0,963,353
9428,319,68,1,754,1,963,361
9429,301,86,1,707,0,909,315
9431,355,97,1,821,1,1024,357
9432,316,101,1,718,0,913,298
9433,317,92,1,759,0,973,345
9434,366,74,1,803,1,997,356
9435,313,92,1,765,0,969,350
9436,315,103,1,783,0,994,356
9437,286,78,1,713,0,954,339
9438,337,80,1,791,0,1000,368
9439,303,77,1,690,1,903,306
9441,346,59,1,800,0,1004,388
9442,364,90,1,809,0,1027,348
9443,310,78,1,748,0,937,354
9444,279,103,1,720,0,955,328
9445,319,83,1,751,1,993,337
9446,399,92,1,912,0,1084,412
9447,363,81,1,761,0,954,309
9448,323,70,1,728,0,950,326
9449,264,72,1,639,0,820,298
9451,149,39,1,370,0,438,178
9452,288,69,1,701,0,829,335
9453,182,50,1,415,0,502,177
9501,59,17,1,131,0,153,51
9502,115,21,1,209,0,233,71
9503,315,90,1,674,0,822,254
9505,314,66,1,617,1,804,234
9506,302,51,1,602,0,810,247
9507,386,58,1,638,0,783,189
9508,442,66,1,720,0,862,206
9509,399,70,1,661,0,758,183
9511,330,63,1,529,0,630,128
9512,416,56,1,709,2,848,229
9513,441,71,1,766,1,952,249
9514,505,90,1,832,0,959,231
9515,348,74,1,646,0,748,217
9516,411,82,1,763,0,922,264
9517,414,80,1,713,1,854,204
9518,406,83,1,707,0,826,201
9519,472,88,1,790,0,922,222
9521,481,108,1,827,2,947,223
9701,304,74,1,571,0,664,188
9702,352,62,1,640,0,760,217
9703,366,85,1,818,0,989,362
9704,458,76,1,836,0,971,292
9705,464,107,1,836,0,954,252
9706,27,9,1,54,0,54,17
9707,305,63,1,679,0,805,308
9708,437,92,1,829,0,956,286
9709,383,73,1,848,0,1029,381
9711,278,57,1,572,1,643,227
9712,290,54,1,593,0,656,239
9713,343,79,1,782,0,974,352
9714,377,90,1,825,0,941,347
9715,244,44,1,521,0,580,220
9716,363,85,1,791,0,975,340
9717,436,83,1,837,0,993,320
9718,377,63,1,755,0,859,305
9719,420,53,1,755,0,880,278
9721,284,43,1,575,1,657,242
9722,252,50,1,543,1,634,226
9723,134,46,1,396,0,478,214
9724,340,74,1,824,1,978,399
9725,309,88,1,783,0,985,392
9726,244,91,1,606,0,782,262
9727,177,27,1,396,0,454,189
9728,380,62,1,805,0,937,357
9729,324,65,1,708,1,802,310
9731,232,32,1,485,0,548,218
9732,37,4,1,71,0,76,30
9733,104,23,1,204,0,221,78
9734,243,42,1,535,1,603,232
9735,329,69,1,699,0,807,295
9736,324,52,1,651,0,729,268
9737,379,73,1,715,1,782,259
9738,268,89,1,680,1,850,312
9739,288,99,1,681,0,912,291
9741,187,171,1,679,0,1064,319
9742,203,75,1,530,0,669,249
9743,400,100,1,907,1,1159,398
9744,311,95,1,763,1,968,328
9745,328,87,1,762,1,1052,338
9746,376,65,1,783,0,903,325
9747,365,92,1,797,0,989,336
9748,376,89,1,809,0,981,334
9749,289,75,1,686,0,969,315
9751,414,103,1,908,0,1011,375
9752,322,38,1,626,0,721,262
9753,321,58,1,636,0,777,257
9754,351,65,1,648,0,744,219
9755,247,50,1,492,1,605,193
9756,320,88,1,784,1,980,365
9801,151,34,1,339,0,434,150
9900,0,0,1,0,0,0,0
9901,0,0,1,0,0,0,0
9902,0,0,1,0,0,0,0
