precinctid,phil_ting,under_vote,precincts,carlos_chuck_taylor,ballots_cast,over_vote,registration
1101,308,73,1,65,446,0,586
1102,601,91,1,118,810,0,996
1103,575,93,1,113,781,0,971
1104,539,111,1,113,763,0,991
1106,426,79,1,94,600,1,808
1107,364,68,1,74,506,0,781
1108,591,95,1,58,744,0,951
1109,421,103,1,93,617,0,809
1111,501,116,1,99,717,1,1031
1112,404,97,1,56,557,0,765
1113,393,81,1,73,547,0,713
1114,488,143,1,110,741,0,971
1115,517,129,1,100,746,0,910
1116,454,103,1,78,636,1,913
1117,438,108,1,97,644,1,886
1118,576,103,1,97,776,0,1031
1119,407,104,1,75,587,1,783
1121,357,75,1,93,525,0,691
1122,342,78,1,61,482,1,658
1123,437,118,1,91,646,0,954
1124,413,86,1,57,556,0,831
1125,525,113,1,106,745,1,1029
1126,517,78,1,106,701,0,954
1127,465,103,1,117,685,0,911
1128,449,116,1,119,686,2,907
1129,468,106,1,129,703,0,951
1131,380,99,1,95,574,0,853
1132,482,112,1,126,721,1,982
1133,464,103,1,94,661,0,870
1134,415,89,1,89,593,0,793
1135,312,51,1,58,421,0,521
1136,441,102,1,125,669,1,857
9001,140,18,1,39,197,0,269
9101,513,111,1,116,740,0,899
9102,575,116,1,126,817,0,989
9103,520,123,1,143,786,0,971
9104,557,123,1,115,795,0,1004
9105,567,135,1,115,817,0,975
9106,593,115,1,111,819,0,938
9107,463,122,1,94,679,0,859
9108,506,114,1,71,691,0,815
9109,566,105,1,78,749,0,875
9111,426,124,1,87,637,0,785
9112,603,123,1,78,804,0,975
9113,621,122,1,110,853,0,1008
9114,533,131,1,84,749,1,913
9115,551,130,1,80,761,0,948
9116,591,129,1,91,811,0,986
9117,496,93,1,81,670,0,785
9118,542,142,1,96,780,0,987
9119,515,122,1,107,744,0,911
9121,539,111,1,108,758,0,950
9122,547,111,1,111,769,0,976
9123,507,118,1,115,740,0,902
9124,518,118,1,94,730,0,940
9125,538,118,1,84,740,0,911
9126,572,127,1,121,820,0,978
9127,591,112,1,116,819,0,985
9128,501,115,1,110,727,1,859
9129,446,95,1,80,621,0,772
9131,480,88,1,93,661,0,806
9132,500,130,1,71,701,0,898
9133,668,113,1,107,888,0,1083
9134,520,144,1,102,767,1,937
9135,404,115,1,132,652,1,831
9136,564,119,1,105,788,0,952
9137,559,119,1,107,785,0,977
9138,557,106,1,108,771,0,930
9139,557,123,1,151,831,0,1004
9141,589,111,1,94,794,0,963
9142,635,127,1,80,843,1,1003
9143,523,123,1,101,747,0,921
9144,597,134,1,101,832,0,983
9145,544,114,1,95,753,0,889
9146,557,134,1,108,799,0,929
9147,586,135,1,97,818,0,983
9148,640,139,1,90,869,0,1007
9149,601,137,1,104,842,0,976
9151,487,124,1,93,704,0,858
9152,430,121,1,85,636,0,842
9201,646,117,1,130,893,0,1047
9202,528,129,1,149,806,0,962
9203,440,174,1,243,857,0,1006
9204,415,118,1,200,733,0,849
9205,373,133,1,146,652,0,760
9206,457,140,1,225,822,0,960
9207,438,184,1,222,845,1,980
9208,501,175,1,221,897,0,1028
9209,342,139,1,165,646,0,750
9211,420,167,1,191,778,0,910
9212,429,147,1,168,746,2,857
9213,503,166,1,184,853,0,987
9214,312,93,1,134,539,0,632
9215,317,100,1,149,566,0,645
9216,395,148,1,183,726,0,861
9217,362,143,1,157,662,0,761
9218,412,161,1,157,730,0,868
9219,443,152,1,124,719,0,829
9221,351,120,1,166,637,0,662
9222,474,159,1,178,811,0,889
9223,336,103,1,133,573,1,664
9224,519,147,1,196,863,1,993
9225,542,195,1,189,926,0,994
9226,486,167,1,180,833,0,960
9227,438,89,1,138,665,0,759
9228,402,98,1,151,651,0,725
9229,391,76,1,88,555,0,615
9231,631,145,1,93,869,0,1006
9232,456,127,1,112,695,0,746
9233,452,137,1,146,736,1,816
9234,410,112,1,142,664,0,759
9235,474,145,1,198,818,1,907
9236,398,102,1,100,600,0,682
9237,513,148,1,163,824,0,941
9238,483,136,1,190,809,0,846
9239,513,146,1,179,838,0,885
9241,562,159,1,173,894,0,1027
9242,564,158,1,162,885,1,1023
9243,372,91,1,92,555,0,611
9244,537,166,1,121,824,0,940
9245,433,99,1,95,627,0,725
9246,548,160,1,134,842,0,964
9247,578,169,1,138,885,0,1004
9248,551,169,1,126,846,0,955
9249,555,131,1,121,807,0,926
9251,592,149,1,129,871,1,982
9252,562,123,1,151,837,1,943
9253,458,129,1,122,709,0,808
9254,598,165,1,108,871,0,951
9255,328,122,1,68,518,0,577
9256,237,64,1,41,342,0,403
9257,206,52,1,29,287,0,339
9258,474,87,1,84,645,0,715
9401,580,127,1,106,815,2,1014
9402,594,130,1,92,816,0,1028
9403,531,109,1,99,739,0,933
9404,551,102,1,91,744,0,921
9405,473,94,1,132,699,0,818
9406,544,134,1,112,791,1,916
9407,509,122,1,97,728,0,941
9408,511,118,1,75,704,0,879
9409,365,100,1,59,524,0,626
9411,610,123,1,106,840,1,1051
9412,478,131,1,94,703,0,885
9413,511,125,1,106,742,0,907
9414,527,130,1,83,740,0,894
9415,431,107,1,99,637,0,798
9416,572,120,1,113,806,1,1018
9417,401,99,1,102,604,2,759
9418,438,107,1,97,642,0,814
9419,456,107,1,145,708,0,902
9421,511,128,1,93,732,0,929
9422,590,136,1,160,887,1,1082
9423,502,119,1,97,718,0,909
9424,554,105,1,96,756,1,951
9425,540,110,1,98,748,0,964
9426,448,111,1,104,663,0,835
9427,507,110,1,116,733,0,963
9428,504,112,1,137,754,1,963
9429,475,110,1,122,707,0,909
9431,553,127,1,141,821,0,1024
9432,508,111,1,99,718,0,913
9433,511,118,1,129,759,1,973
9434,556,118,1,129,803,0,997
9435,505,120,1,140,765,0,969
9436,503,150,1,130,783,0,994
9437,482,118,1,113,713,0,954
9438,542,116,1,133,791,0,1000
9439,479,111,1,100,690,0,903
9441,588,107,1,105,800,0,1004
9442,529,137,1,142,809,1,1027
9443,510,120,1,117,748,1,937
9444,461,125,1,133,720,1,955
9445,517,103,1,131,751,0,993
9446,626,150,1,136,912,0,1084
9447,549,109,1,103,761,0,954
9448,510,108,1,110,728,0,950
9449,432,113,1,94,639,0,820
9451,233,66,1,71,370,0,438
9452,461,125,1,115,701,0,829
9453,287,66,1,62,415,0,502
9501,78,26,1,27,131,0,153
9502,162,32,1,15,209,0,233
9503,468,119,1,87,674,0,822
9505,432,118,1,66,617,1,804
9506,440,97,1,65,602,0,810
9507,498,91,1,49,638,0,783
9508,557,126,1,37,720,0,862
9509,492,117,1,52,661,0,758
9511,358,101,1,70,529,0,630
9512,525,118,1,65,709,1,848
9513,597,111,1,58,766,0,952
9514,643,123,1,65,832,1,959
9515,476,109,1,61,646,0,748
9516,517,131,1,115,763,0,922
9517,544,104,1,65,713,0,854
9518,538,103,1,66,707,0,826
9519,590,118,1,82,790,0,922
9521,620,131,1,76,827,0,947
9701,417,101,1,53,571,0,664
9702,486,97,1,57,640,0,760
9703,578,106,1,133,818,1,989
9704,620,134,1,82,836,0,971
9705,636,122,1,78,836,0,954
9706,38,9,1,7,54,0,54
9707,470,91,1,118,679,0,805
9708,596,138,1,95,829,0,956
9709,592,135,1,120,848,1,1029
9711,410,73,1,89,572,0,643
9712,422,83,1,88,593,0,656
9713,527,123,1,132,782,0,974
9714,560,100,1,165,825,0,941
9715,351,82,1,88,521,0,580
9716,545,119,1,127,791,0,975
9717,569,132,1,136,837,0,993
9718,514,85,1,156,755,0,859
9719,523,91,1,141,755,0,880
9721,401,79,1,95,575,0,657
9722,359,73,1,110,543,1,634
9723,238,57,1,101,396,0,478
9724,512,113,1,199,824,0,978
9725,484,119,1,178,783,2,985
9726,418,93,1,95,606,0,782
9727,248,52,1,95,396,1,454
9728,486,102,1,217,805,0,937
9729,437,100,1,171,708,0,802
9731,302,64,1,119,485,0,548
9732,57,3,1,11,71,0,76
9733,158,22,1,24,204,0,221
9734,362,62,1,111,535,0,603
9735,485,83,1,131,699,0,807
9736,467,77,1,107,651,0,729
9737,544,79,1,92,715,0,782
9738,429,110,1,141,680,0,850
9739,460,122,1,99,681,0,912
9741,448,157,1,74,679,0,1064
9742,348,85,1,97,530,0,669
9743,632,143,1,132,907,0,1159
9744,505,133,1,125,763,0,968
9745,522,107,1,132,762,1,1052
9746,519,106,1,158,783,0,903
9747,542,122,1,133,797,0,989
9748,567,115,1,127,809,0,981
9749,504,100,1,82,686,0,969
9751,602,138,1,168,908,0,1011
9752,437,75,1,114,626,0,721
9753,475,77,1,84,636,0,777
9754,495,78,1,75,648,0,744
9755,362,77,1,53,492,0,605
9756,527,129,1,128,784,0,980
9801,244,50,1,45,339,0,434
