precinctid,writein_bernard_bernie_sanders__tu,gary_johnson__bill_weld,writein_jerry_white__niles_niemuth,jill_stein__ajamu_baraka,writein_evan_mcmullin__nathan_johnso,hillary_clinton__tim_kaine,writein_laurence_kotlikoff__edward_l,writein,precincts,under_vote,ballots_cast,gloria_estela_la_riva__dennis_j_bank,over_vote,registration,writein_mike_maturen__juan_munoz,donald_j_trump__michael_r_pence
1101,2,9,0,9,2,359,0,3,1,6,446,4,1,586,0,51
1102,3,18,0,16,1,659,0,3,1,8,810,6,2,996,0,94
1103,3,13,0,20,0,640,0,11,1,10,781,3,1,971,0,80
1104,4,12,0,22,0,606,0,2,1,9,763,5,2,991,0,101
1106,5,9,0,23,1,472,0,4,1,13,600,2,0,808,0,71
1107,0,5,0,13,0,404,0,4,1,8,506,2,3,781,0,67
1108,3,10,0,22,0,622,0,3,1,8,744,2,1,951,0,73
1109,2,11,0,17,0,475,0,4,1,14,617,3,0,809,0,91
1111,6,12,0,25,0,566,0,0,1,15,717,6,4,1031,0,83
1112,3,10,0,11,0,464,0,3,1,9,557,5,4,765,0,48
1113,3,11,0,10,0,411,0,8,1,13,547,5,3,713,0,83
1114,3,4,0,21,0,592,0,2,1,21,741,2,4,971,0,92
1115,2,23,0,18,0,582,0,7,1,22,746,8,1,910,0,83
1116,4,14,0,14,0,520,0,4,1,14,636,6,1,913,0,59
1117,3,10,0,16,0,510,0,9,1,6,644,5,4,886,0,81
1118,6,5,0,17,1,634,0,2,1,12,776,11,1,1031,0,87
1119,4,8,0,6,0,492,0,3,1,5,587,3,5,783,0,61
1121,2,6,0,15,0,398,0,1,1,12,525,5,0,691,0,86
1122,2,8,0,9,0,352,0,3,1,16,482,5,1,658,0,86
1123,2,11,0,23,0,533,0,4,1,12,646,3,3,954,0,55
1124,0,9,0,21,0,456,0,6,1,6,556,3,2,831,0,53
1125,4,13,0,15,0,585,0,3,1,8,745,3,6,1029,0,108
1126,0,6,0,14,0,586,0,6,1,9,701,3,2,954,0,75
1127,4,13,0,8,0,522,0,8,1,12,685,6,1,911,0,111
1128,4,12,0,10,2,540,1,4,1,12,686,4,5,907,0,92
1129,5,17,0,13,0,544,0,3,1,8,703,2,8,951,0,103
1131,4,3,0,4,0,440,0,6,1,10,574,4,0,853,0,103
1132,3,7,0,15,0,548,0,6,1,12,721,6,4,982,0,120
1133,2,10,0,10,0,512,0,4,1,13,661,3,6,870,0,101
1134,2,9,0,9,0,464,0,6,1,15,593,7,1,793,0,80
1135,1,10,0,11,0,330,0,1,1,14,421,1,1,521,0,52
1136,5,7,0,8,1,518,0,5,1,7,669,5,0,857,0,113
1141,1,14,0,26,0,677,0,2,1,7,812,2,3,1047,0,80
1142,3,19,0,23,1,514,0,1,1,9,667,5,1,858,0,91
1143,7,11,0,17,0,644,0,5,1,8,801,11,4,1056,0,94
1144,3,9,0,10,0,578,0,6,1,6,713,6,0,928,0,95
1145,4,12,0,29,0,622,0,3,1,9,753,7,3,931,0,64
1146,8,9,0,26,0,624,0,12,1,9,791,8,1,1036,0,94
1147,2,15,0,19,0,577,0,5,1,18,734,7,5,927,0,86
1148,2,11,0,18,0,556,0,3,1,13,727,6,13,992,2,103
1149,4,15,0,21,2,590,0,6,1,4,747,13,3,950,0,89
1151,0,0,0,0,0,0,0,0,1,0,0,0,0,0,0,0
1152,6,4,0,17,0,536,0,4,1,8,671,10,5,898,0,81
1153,3,16,0,21,0,580,0,4,1,12,749,6,4,961,0,103
1154,0,0,0,0,0,0,0,0,1,0,0,0,0,0,0,0
7001,2,14,0,15,0,492,0,2,1,5,559,1,3,742,0,25
7002,2,21,0,24,0,859,0,7,1,8,997,5,1,1225,0,70
7003,5,17,0,20,0,728,0,4,1,9,834,2,0,927,0,49
7004,4,16,0,18,1,728,0,4,1,5,808,0,0,896,0,32
7005,2,13,0,13,0,688,0,2,1,6,755,3,1,853,0,27
7006,5,16,0,26,0,703,0,2,1,11,799,5,0,966,0,31
7007,0,18,0,15,0,796,0,4,1,2,870,3,0,987,0,32
7008,1,13,0,13,0,741,0,7,1,10,820,0,1,882,0,34
7009,1,21,0,22,0,648,0,3,1,5,750,4,1,931,0,45
7011,1,7,0,17,2,565,0,2,1,3,621,8,0,1063,0,16
7012,2,22,0,21,1,803,0,2,1,9,925,1,0,1034,0,64
7013,2,19,0,10,1,583,0,4,1,6,640,2,0,733,0,13
7014,8,17,0,22,0,839,0,4,1,9,928,3,0,1073,0,26
7015,0,1,0,8,0,65,0,1,1,0,81,2,0,113,0,4
7016,4,6,0,16,0,500,0,1,1,6,593,11,2,977,0,47
7017,4,5,0,8,1,404,0,2,1,7,469,6,2,786,0,30
7018,0,4,0,16,0,527,0,3,1,18,672,7,5,992,0,92
7019,1,11,0,17,0,590,0,2,1,10,696,12,3,945,0,50
7021,1,7,0,22,0,532,0,7,1,13,631,6,3,993,0,40
7022,5,4,0,19,0,587,0,2,1,5,667,3,3,1032,0,39
7023,2,5,0,6,1,585,0,4,1,15,671,6,4,938,0,43
7024,0,0,0,0,0,98,0,1,1,4,119,1,3,309,0,12
7025,2,1,0,8,0,241,0,1,1,0,266,2,3,505,0,8
7026,6,4,0,16,0,537,0,9,1,11,700,7,3,1022,0,107
7027,1,6,0,9,0,484,0,2,1,12,577,8,3,879,0,52
7028,2,6,0,9,0,479,0,3,1,8,544,4,8,900,0,25
7029,1,3,0,6,1,473,0,3,1,7,525,3,9,924,0,19
7030,1,6,0,7,0,408,0,3,1,10,558,7,6,787,0,110
7031,4,6,0,10,0,309,0,1,1,2,392,2,3,511,0,55
7032,4,3,0,11,0,482,0,3,1,7,589,8,8,938,0,63
7033,3,9,0,18,0,464,0,4,1,4,546,3,3,814,0,38
7034,5,3,0,8,0,463,0,3,1,7,515,5,1,954,0,20
7035,1,4,0,6,0,293,0,2,1,6,341,0,0,476,0,29
7036,0,3,0,12,0,490,0,3,1,6,596,2,4,967,0,76
7037,3,4,0,4,0,331,0,4,1,11,379,2,3,840,0,17
7038,3,6,0,10,0,482,0,1,1,6,595,5,5,960,0,77
7039,4,8,0,22,0,488,0,4,1,17,625,2,0,831,0,80
7041,0,1,0,2,0,33,0,0,1,0,42,0,1,62,0,5
7042,5,2,0,15,0,413,0,2,1,12,514,5,3,697,0,57
7043,4,8,0,15,1,545,0,5,1,7,640,3,4,990,0,48
7044,5,4,0,6,0,353,0,1,1,7,415,2,3,867,0,34
7045,5,11,0,16,0,397,0,2,1,8,531,6,1,803,0,85
7046,2,11,0,8,0,254,0,2,1,4,319,0,0,435,0,38
7047,4,8,0,6,1,488,0,2,1,7,602,7,4,858,0,75
7048,2,4,0,7,1,431,0,2,1,7,518,2,4,877,0,58
7049,1,7,0,14,0,392,0,1,1,4,534,5,5,829,0,105
7051,2,4,0,18,0,452,0,1,1,9,612,10,6,909,0,110
7052,3,6,0,14,2,513,0,4,1,13,675,6,3,894,0,111
7053,4,11,0,7,0,367,0,1,1,8,462,1,0,552,0,63
7054,10,7,0,16,0,583,0,2,1,12,683,6,2,1068,0,45
7101,0,1,0,2,0,119,0,0,1,1,126,1,0,150,0,2
7201,2,32,0,7,1,732,0,8,1,13,868,0,0,983,0,73
7202,4,28,0,9,0,601,0,5,1,6,752,1,0,885,0,98
7203,4,24,0,11,0,719,0,5,1,10,840,0,2,950,0,65
7204,0,21,0,16,4,723,0,4,1,10,833,4,0,933,0,51
7205,2,34,0,10,0,664,0,8,1,15,815,1,0,903,0,81
7206,1,14,0,7,2,297,0,2,1,3,340,1,0,390,0,13
7207,4,16,0,9,0,500,0,4,1,7,595,0,1,712,0,54
7208,1,11,0,15,0,449,0,5,1,3,539,1,0,635,0,54
7209,4,22,0,7,2,392,0,3,1,9,491,1,0,563,0,51
7301,6,26,0,16,3,641,0,2,1,11,813,3,1,1080,0,104
7302,2,27,0,14,0,577,0,4,1,13,732,3,4,862,0,88
7303,3,24,0,17,2,718,0,4,1,18,851,0,0,1032,0,65
7304,3,24,0,18,1,685,0,4,1,10,828,1,0,993,0,82
7305,6,23,0,16,1,621,0,11,1,10,772,1,0,906,0,83
7306,3,21,0,20,0,733,0,8,1,14,882,4,1,1076,0,78
7307,5,21,0,22,0,554,0,6,1,11,674,0,2,826,0,53
7308,2,15,0,22,2,450,0,3,1,9,548,3,0,641,0,42
7309,3,20,0,7,2,644,0,14,1,6,764,0,0,897,0,68
7311,4,27,0,13,1,752,0,4,1,7,853,0,0,986,0,45
7312,1,26,0,12,2,616,0,4,1,10,768,3,0,874,0,94
7313,0,31,0,15,1,655,0,7,1,11,798,4,1,1001,0,73
7314,6,7,0,10,2,415,0,4,1,10,511,3,8,833,0,46
7315,4,16,0,24,0,483,0,4,1,10,597,4,4,783,0,48
7316,2,21,0,25,0,532,0,4,1,10,661,4,2,893,1,60
7317,2,18,0,15,2,593,1,5,1,10,743,7,7,938,0,83
7318,0,19,0,9,0,581,0,3,1,8,689,0,1,788,0,68
7319,7,31,0,22,1,737,0,13,1,11,908,3,1,1123,0,82
7321,2,13,0,10,0,386,0,1,1,7,493,4,0,683,0,70
7322,0,5,0,10,0,419,0,4,1,16,526,6,2,937,0,64
7323,2,25,0,4,2,618,0,1,1,13,727,1,0,888,1,60
7324,0,17,0,4,1,520,0,0,1,7,601,1,0,756,0,51
7325,3,25,0,21,0,654,0,4,1,10,792,4,0,973,0,71
7326,5,16,0,19,0,626,0,3,1,7,749,2,0,922,0,71
7327,1,4,0,11,0,325,0,1,1,8,434,6,5,762,0,73
7328,0,5,0,9,0,503,0,3,1,14,617,9,1,1024,0,73
7329,1,14,0,18,0,319,0,8,1,10,454,5,1,607,0,78
7331,3,21,0,4,0,607,0,11,1,10,793,1,1,933,0,135
7332,1,21,0,32,1,596,0,2,1,7,718,9,1,889,0,48
7333,4,29,0,14,2,761,0,4,1,12,888,0,0,1101,0,62
7334,3,25,0,13,3,659,0,5,1,10,774,3,1,963,0,52
7335,2,35,0,11,2,740,0,12,1,7,894,0,0,1002,0,85
7336,3,23,0,18,0,705,0,9,1,13,883,1,1,1017,0,110
7337,4,30,0,18,0,603,0,9,1,7,755,2,2,944,0,80
7338,1,12,0,15,2,537,0,5,1,16,695,7,3,1005,0,97
7339,2,10,0,19,0,413,0,2,1,6,495,2,2,660,0,39
7341,5,24,0,27,1,641,0,2,1,5,765,4,0,974,0,56
7342,6,22,0,19,1,657,0,6,1,9,791,2,0,1034,0,69
7343,5,17,0,12,1,539,0,3,1,5,618,2,2,746,0,32
7344,7,30,0,23,0,754,0,7,1,12,916,3,2,1143,0,78
7345,6,18,0,35,0,767,0,9,1,4,891,0,0,1186,0,52
7346,7,9,0,33,0,651,0,4,1,5,762,3,1,991,0,49
7347,8,17,0,19,0,729,0,6,1,6,841,7,2,1085,0,47
7348,4,9,0,16,0,532,0,7,1,3,647,1,0,957,0,75
7349,5,13,0,15,0,644,0,3,1,5,771,1,3,1006,0,82
7501,1,19,0,10,1,447,0,6,1,6,522,0,0,574,1,31
7502,2,18,0,12,2,578,0,8,1,5,694,1,0,808,0,68
7503,5,15,0,10,0,599,0,5,1,8,688,1,4,808,1,40
7504,2,8,0,5,0,366,0,4,1,5,420,3,1,503,0,26
7505,1,15,0,15,1,620,0,3,1,10,762,5,4,915,0,88
7506,7,16,0,18,0,675,0,5,1,8,798,2,1,1018,0,66
7507,0,6,0,20,0,524,0,6,1,10,631,6,2,992,0,57
7508,1,11,0,12,1,498,0,1,1,11,606,3,1,735,0,67
7509,2,19,0,16,0,708,0,2,1,9,825,1,1,1006,0,67
7512,1,6,0,5,1,345,0,3,1,9,493,3,4,638,0,116
7513,3,11,0,12,0,491,0,4,1,9,601,4,9,836,0,58
7514,0,5,0,8,0,462,0,5,1,9,544,4,5,886,0,46
7515,0,9,0,8,1,632,0,3,1,4,710,4,4,898,0,45
7516,4,9,0,16,0,645,0,4,1,6,759,1,1,907,0,73
7517,1,16,0,23,1,758,0,2,1,5,826,2,0,956,0,18
7518,4,20,0,21,0,778,0,7,1,7,858,0,0,993,0,21
7519,2,12,0,14,0,619,0,2,1,5,676,4,1,802,0,17
7521,7,12,0,28,0,655,0,1,1,6,726,2,1,854,0,14
7522,2,14,0,18,0,686,0,6,1,3,742,2,1,848,0,10
7523,5,21,0,24,0,614,0,2,1,6,689,3,0,821,0,14
7524,3,9,0,20,1,469,0,5,1,4,532,1,2,728,0,18
7525,5,6,0,16,1,578,0,5,1,5,636,4,4,870,0,12
7526,4,12,1,15,3,787,0,5,1,6,858,4,0,999,0,21
7527,7,8,0,12,0,516,0,3,1,6,624,3,1,773,0,68
7529,6,20,0,24,0,777,1,4,1,3,860,3,4,992,0,18
7531,5,18,0,37,1,726,0,3,1,3,805,2,0,954,0,10
7532,2,15,0,15,1,648,0,3,1,7,741,5,0,886,0,45
7533,9,24,0,40,0,792,0,5,1,3,910,3,0,1025,0,34
7534,5,13,0,37,0,690,0,1,1,2,775,3,1,967,0,23
7535,2,14,0,23,1,644,0,2,1,5,711,3,1,807,0,16
7536,6,13,0,22,0,711,0,1,1,7,775,3,0,895,0,12
7537,1,12,0,16,0,618,0,1,1,1,664,1,0,783,0,14
7538,2,12,0,16,0,683,0,1,1,7,736,1,1,831,0,13
7539,6,14,0,29,0,751,0,5,1,3,821,3,0,978,0,10
7541,5,7,0,17,0,672,0,5,1,3,728,3,0,865,0,16
7542,9,10,0,24,0,688,0,2,1,4,756,5,0,906,0,14
7543,2,7,0,18,0,744,0,5,1,3,806,4,0,993,0,23
7544,5,12,0,21,1,754,0,1,1,5,821,3,0,962,0,19
7545,7,12,0,23,0,744,0,2,1,7,833,7,2,970,0,29
7546,8,18,0,24,0,731,0,6,1,4,817,3,2,935,0,21
7547,12,12,0,32,0,754,0,2,1,3,837,2,0,1057,0,20
7548,7,18,0,20,0,814,0,0,1,4,894,1,1,1135,0,29
7549,7,17,0,25,1,637,0,4,1,11,734,2,0,854,0,30
7551,2,10,0,14,1,610,0,3,1,5,669,3,0,762,0,21
7552,5,9,0,11,3,623,0,2,1,8,678,1,0,756,0,16
7553,0,2,0,3,0,153,0,2,1,1,168,0,0,187,0,7
7554,4,17,0,18,0,685,0,1,1,3,769,3,0,859,0,38
7555,3,16,0,26,0,767,0,4,1,4,846,2,0,893,0,24
7556,0,15,0,8,0,840,0,3,1,5,906,1,1,1008,0,33
7601,8,7,0,21,0,481,0,7,1,6,588,5,5,929,0,48
7602,7,15,0,22,0,583,0,10,1,3,689,3,7,962,0,39
7603,3,15,0,33,0,595,0,1,1,5,690,5,1,888,0,32
7604,6,12,0,25,0,558,0,3,1,5,677,7,3,989,0,58
7605,3,8,0,14,0,354,0,1,1,4,428,3,4,771,0,37
7606,7,10,0,22,0,517,0,10,1,7,640,3,6,992,0,58
7607,4,12,0,41,1,586,0,4,1,6,710,5,5,1055,0,46
7608,0,4,0,5,0,194,0,1,1,6,244,2,0,456,0,32
7609,2,9,0,22,0,434,0,1,1,14,551,5,6,1051,0,58
7611,4,3,0,20,0,381,0,7,1,6,479,6,5,898,0,47
7612,2,3,0,14,0,324,0,1,1,6,418,3,3,668,0,62
7613,4,7,0,14,0,517,0,3,1,8,617,10,5,1015,0,49
7614,8,19,0,27,0,656,0,4,1,12,793,5,6,1177,0,56
7615,4,7,1,20,0,398,0,5,1,6,528,10,3,1020,0,74
7616,4,32,0,17,1,690,0,11,1,7,807,3,0,981,0,42
7617,3,9,0,11,1,410,0,4,1,7,516,3,9,898,0,59
7618,5,8,0,20,0,595,0,2,1,7,689,5,1,948,0,46
7619,15,37,0,34,0,1259,0,6,1,14,1485,4,2,1971,0,114
7621,3,13,0,25,2,670,0,8,1,9,800,2,2,1082,0,66
7622,1,11,0,14,0,443,0,3,1,4,534,0,3,1007,0,55
7623,2,9,0,11,0,392,0,3,1,10,467,2,0,839,0,38
7624,3,10,0,21,0,463,0,4,1,9,565,2,3,1074,0,50
7625,0,11,0,6,0,479,0,7,1,25,617,5,6,896,0,78
7626,4,34,0,13,4,857,0,4,1,4,1011,3,1,1177,0,87
7627,6,52,0,21,1,1102,0,13,1,11,1326,1,0,1586,0,119
7628,1,15,0,20,0,624,1,5,1,10,720,3,1,1006,0,40
7629,7,18,0,17,0,500,0,5,1,3,577,4,0,837,0,23
7631,8,25,0,16,1,790,1,8,1,9,915,3,1,1143,0,53
7632,4,13,0,13,1,459,0,1,1,5,532,5,2,727,0,29
7633,8,10,0,15,1,478,0,1,1,16,574,1,2,731,0,42
7634,2,18,0,14,0,578,0,5,1,10,706,9,1,1017,0,69
7635,6,10,0,15,1,546,0,6,1,15,643,1,3,868,0,40
7636,5,24,0,14,1,684,0,7,1,7,784,1,2,993,0,39
7637,9,45,0,25,0,966,0,5,1,11,1151,2,2,1361,0,86
7638,2,35,0,15,0,923,0,8,1,16,1135,0,0,1285,0,136
7639,4,34,0,11,2,753,0,4,1,9,891,3,0,1011,0,71
7641,1,23,0,18,1,655,0,6,1,13,795,2,0,977,0,76
7642,3,18,0,13,2,660,1,15,1,8,810,1,2,967,0,87
7643,2,17,0,14,2,638,0,2,1,11,758,5,2,959,0,65
7644,3,23,0,8,2,825,0,12,1,4,925,0,3,1111,0,45
7645,2,19,0,7,0,479,0,6,1,17,587,2,0,669,0,55
7646,4,61,0,23,2,1680,0,18,1,14,1893,4,0,2163,0,87
7647,11,16,0,27,0,486,0,4,1,7,598,8,1,1028,0,38
7648,0,0,0,0,0,3,0,0,1,0,3,0,0,4,0,0
7701,2,32,0,24,1,776,0,5,1,11,914,0,1,1049,0,62
7702,5,22,0,12,1,512,0,2,1,11,663,2,1,775,0,95
7703,0,0,0,2,0,85,0,0,1,0,100,1,3,178,0,9
7704,6,24,0,21,2,696,0,5,1,11,881,4,0,1006,0,112
7705,0,17,0,13,0,390,0,2,1,10,495,1,0,554,0,62
7706,2,24,0,16,2,628,0,7,1,6,773,1,0,853,0,87
7707,1,12,0,11,2,655,0,4,1,11,784,3,1,854,0,84
7708,2,13,0,14,0,676,0,6,1,6,783,2,0,894,0,64
7709,2,7,0,7,0,303,0,0,1,1,354,0,1,390,0,33
7711,8,15,0,21,0,572,0,5,1,11,685,4,1,789,0,48
7712,1,5,0,17,4,445,0,3,1,7,518,0,1,577,0,35
7801,6,15,0,15,1,876,0,7,1,3,964,1,0,975,0,40
7802,0,6,0,16,1,665,0,4,1,8,723,0,0,760,0,23
7803,3,8,0,14,1,703,0,3,1,8,774,0,0,827,0,34
7804,4,14,0,8,0,819,0,2,1,2,876,3,0,932,0,24
7805,1,16,0,16,0,706,0,3,1,4,761,3,0,852,0,12
7806,6,12,0,23,0,597,0,3,1,1,663,3,1,746,1,16
7807,1,10,0,28,1,613,0,2,1,4,671,2,2,774,0,8
7808,3,7,0,7,0,544,0,1,1,6,578,0,0,702,0,10
7809,4,18,0,22,0,1002,0,3,1,6,1091,3,1,1234,0,32
7811,6,10,0,16,0,636,0,4,1,5,696,0,1,806,0,18
7812,1,8,0,20,2,663,0,4,1,8,752,4,1,892,0,41
7813,3,9,0,25,3,868,0,4,1,4,943,2,0,1061,0,25
7814,5,9,0,31,0,567,0,4,1,3,667,5,5,919,0,38
7815,3,9,0,27,1,806,0,4,1,7,879,3,0,967,0,19
7816,0,9,0,18,0,771,0,0,1,4,823,1,0,896,0,20
7817,0,7,0,21,1,658,0,4,1,1,711,2,0,804,0,17
7818,2,8,0,20,0,730,0,2,1,5,787,3,0,889,0,17
7819,2,12,0,15,0,608,0,3,1,5,682,4,5,809,1,27
7821,4,16,0,22,0,838,0,3,1,5,916,0,0,998,0,28
7822,3,6,1,14,0,705,0,2,1,1,776,3,0,951,0,41
7823,2,5,0,15,1,760,0,3,1,3,806,0,0,928,0,17
7824,2,10,0,13,0,608,0,4,1,4,665,1,1,794,0,22
7825,2,2,0,10,0,486,0,1,1,2,521,0,0,578,0,18
7826,3,8,0,18,0,573,0,6,1,5,633,3,0,709,1,16
7827,1,8,0,33,0,666,0,2,1,5,758,2,2,931,0,39
7828,5,22,0,11,1,825,0,2,1,11,924,3,0,1053,0,44
7829,0,17,0,17,0,760,0,7,1,1,841,2,0,904,0,37
7831,2,5,0,17,0,761,0,1,1,3,803,0,0,906,0,14
7832,2,16,0,20,1,688,0,4,1,5,759,2,0,824,0,21
7833,6,9,0,10,1,650,0,3,1,10,710,2,1,785,0,18
7834,2,9,0,27,0,704,0,1,1,4,775,3,2,901,0,23
7835,8,9,0,18,1,681,0,4,1,6,785,2,0,863,0,56
7836,6,16,0,15,1,793,0,4,1,6,903,2,1,990,0,59
7837,5,7,0,16,1,768,0,4,1,7,840,2,0,934,0,30
7838,1,12,0,20,0,760,0,2,1,6,839,4,0,933,0,34
7839,1,13,0,19,0,711,0,4,1,5,785,1,0,869,0,31
7841,5,12,0,9,0,778,0,4,1,3,839,5,0,947,0,23
7842,3,15,0,21,0,773,0,5,1,8,864,2,1,960,0,36
7843,0,9,0,16,2,617,0,1,1,9,679,3,0,802,0,22
7844,6,13,0,12,0,523,0,5,1,8,594,3,0,682,0,24
7845,2,14,0,16,0,709,0,4,1,4,783,5,1,869,0,28
7846,5,14,0,10,0,728,0,1,1,5,814,2,0,925,0,49
7847,2,13,0,16,1,771,0,5,1,6,843,2,0,960,0,27
7848,3,8,0,13,0,756,0,2,1,6,818,2,0,905,0,28
7849,4,14,0,23,0,780,0,6,1,6,864,2,0,967,0,29
7851,2,5,0,4,1,399,0,0,1,5,472,0,0,528,0,56
7852,4,11,0,8,0,501,0,3,1,8,584,1,1,644,0,47
7853,2,10,0,10,0,703,0,2,1,4,770,2,1,896,0,36
7854,2,20,0,14,1,747,0,4,1,4,825,1,0,933,0,32
7855,3,10,0,24,0,790,1,3,1,4,870,3,0,968,0,32
7856,2,7,0,16,0,712,0,4,1,4,769,1,0,849,0,23
7857,6,12,0,32,0,754,0,4,1,6,854,6,0,963,0,34
7858,5,7,0,13,0,608,0,7,1,4,674,4,1,791,0,25
7859,0,16,0,11,1,748,0,5,1,3,834,2,0,915,0,48
7861,2,9,0,16,2,695,2,4,1,8,776,3,1,881,0,34
7862,2,8,0,20,0,732,1,6,1,4,815,1,0,923,0,41
7863,4,9,0,29,1,732,0,4,1,8,819,4,4,939,0,24
7864,3,12,0,21,1,624,0,2,1,7,703,3,1,815,0,29
7865,2,11,0,11,0,669,0,4,1,7,754,4,2,853,0,44
7866,3,11,0,16,2,613,0,1,1,15,746,3,0,831,0,82
7867,5,14,0,17,0,726,0,3,1,1,822,1,0,946,0,55
7868,3,15,0,16,0,673,0,2,1,8,764,4,1,901,0,42
7869,1,9,0,16,1,719,0,4,1,7,789,1,0,874,0,31
7871,5,11,0,21,1,719,0,4,1,13,804,0,0,909,0,30
7872,2,13,0,12,0,736,0,6,1,4,819,6,0,902,0,40
7873,1,10,0,13,0,722,0,9,1,4,788,3,1,874,0,25
7874,4,8,0,4,1,355,0,5,1,6,408,2,0,482,0,23
7875,1,10,0,13,0,446,0,4,1,3,525,1,2,628,0,45
7901,7,11,0,31,0,845,0,5,1,8,952,9,6,1286,0,30
7902,3,10,0,38,0,734,0,6,1,4,842,3,3,1064,0,41
7903,7,7,0,22,0,559,0,4,1,3,652,7,5,929,0,38
7904,2,18,0,28,0,596,0,4,1,4,694,3,1,926,0,38
7905,9,13,0,27,1,621,0,6,1,5,718,3,2,851,0,31
7906,3,10,0,13,0,608,0,2,1,2,653,2,0,854,0,13
7907,5,6,0,25,0,755,0,2,1,11,834,4,1,991,0,25
7908,3,9,0,29,0,747,0,2,1,6,872,5,5,1008,0,66
7909,3,12,0,31,1,576,0,5,1,2,644,3,0,787,1,10
7911,5,7,0,20,0,657,0,1,1,7,734,4,2,907,0,31
7912,9,15,0,26,0,763,0,3,1,12,874,9,4,1090,1,32
7913,5,11,0,29,0,709,0,6,1,7,800,4,1,964,0,28
7914,2,11,0,25,0,680,0,2,1,2,752,2,4,895,0,24
7915,6,9,0,31,0,630,0,1,1,11,716,4,2,892,0,22
7916,4,10,0,31,0,686,0,2,1,4,768,5,3,953,0,23
7917,4,7,0,41,0,753,0,4,1,8,868,5,5,1073,0,41
7918,5,7,0,40,0,610,0,3,1,5,697,6,2,860,1,18
7919,9,11,0,31,0,662,0,4,1,11,767,5,3,928,0,31
7921,2,11,0,31,0,577,0,4,1,6,694,16,6,970,0,41
7922,1,5,0,29,0,630,0,3,1,4,705,6,0,884,0,27
7923,4,8,0,29,0,600,0,4,1,8,689,6,2,930,0,28
7924,4,7,0,36,0,590,0,2,1,14,696,7,3,883,0,33
7925,1,5,0,19,1,429,0,3,1,1,483,3,1,591,0,20
7926,5,4,0,35,0,614,0,0,1,6,695,4,0,820,0,27
7927,2,8,0,35,0,600,0,8,1,6,688,4,0,782,0,25
7928,1,10,0,25,0,767,0,4,1,5,849,8,2,976,0,27
7929,3,6,0,26,0,712,0,6,1,2,780,3,1,871,0,21
7931,5,8,0,17,0,628,0,3,1,2,687,2,0,765,0,22
7932,0,6,0,15,0,429,0,2,1,3,482,3,0,557,0,24
7933,0,0,0,0,0,7,0,0,1,0,7,0,0,8,0,0
7934,2,9,0,30,0,691,0,2,1,3,772,5,3,888,0,27
7935,3,8,0,34,0,770,0,2,1,6,851,3,1,949,0,24
7936,1,9,0,23,0,696,0,1,1,4,764,4,2,876,0,24
7937,3,4,0,26,0,700,0,2,1,6,780,3,2,909,0,34
7938,7,10,0,23,0,552,0,3,1,4,636,8,4,808,0,25
7939,1,9,0,18,0,541,0,0,1,8,593,1,0,674,0,15
7941,3,13,0,15,0,587,0,4,1,5,655,6,2,790,0,20
7942,4,4,0,19,0,669,0,7,1,7,769,2,2,950,0,55
7943,7,5,0,28,0,655,0,1,1,7,780,4,2,938,0,71
7944,5,11,0,23,0,619,0,0,1,1,692,3,1,830,0,29
7945,3,8,0,19,0,575,0,4,1,4,663,3,1,926,0,46
7946,4,2,0,18,0,573,0,4,1,14,716,2,0,976,0,99
7947,3,12,0,23,1,571,0,2,1,8,717,4,1,964,0,92
7948,3,9,0,24,1,557,0,3,1,16,721,6,2,933,0,100
7949,0,8,0,5,0,319,0,3,1,13,433,3,1,594,0,81
7951,4,15,0,11,0,491,0,1,1,9,645,6,1,841,0,107
7952,6,6,0,21,3,487,0,2,1,10,651,6,3,865,0,107
7953,4,11,0,17,0,530,0,2,1,18,677,5,1,853,0,89
7954,0,0,0,0,0,0,0,0,1,0,0,0,0,0,0,0
7955,3,9,0,16,1,535,0,3,1,5,684,7,1,899,0,104
7956,3,10,0,17,0,432,1,3,1,7,579,1,0,779,0,105
7957,3,8,0,18,0,429,0,3,1,6,524,3,0,664,0,54
7958,1,1,0,9,0,156,0,3,1,5,199,2,0,291,0,22
9001,0,7,0,2,1,155,0,2,1,3,197,1,2,269,0,24
9101,6,12,0,30,0,559,0,9,1,15,740,2,0,899,0,107
9102,7,13,0,19,0,650,0,3,1,10,817,0,1,989,0,114
9103,3,24,0,24,0,593,0,7,1,13,786,6,4,971,0,112
9104,3,21,0,29,0,614,0,7,1,10,795,6,0,1004,1,104
9105,4,20,0,20,3,659,0,7,1,11,817,5,1,975,0,87
9106,5,18,0,16,1,685,0,6,1,5,819,3,0,938,0,80
9107,6,9,0,27,0,540,0,4,1,5,679,1,3,859,0,84
9108,3,9,1,19,2,564,0,2,1,6,691,7,0,815,0,78
9109,4,18,0,17,0,625,0,4,1,7,749,3,0,875,0,71
9111,4,15,0,11,4,503,0,2,1,10,637,5,0,785,0,83
9112,2,12,0,24,0,664,0,4,1,16,804,3,0,975,0,79
9113,4,21,0,22,0,715,0,5,1,17,853,4,1,1008,0,64
9114,5,18,0,17,1,614,0,4,1,8,749,4,0,913,0,78
9115,4,18,0,25,1,627,0,5,1,8,761,3,1,948,0,69
9116,3,22,0,20,0,675,0,6,1,11,811,1,1,986,0,72
9117,5,17,0,22,0,525,0,9,1,10,670,2,1,785,0,79
9118,2,14,1,15,0,626,0,2,1,10,780,2,2,987,0,106
9119,4,13,0,26,0,567,0,2,1,18,744,7,1,911,0,106
9121,9,19,0,25,1,586,0,6,1,9,758,7,0,950,0,96
9122,5,16,0,18,1,600,0,4,1,12,769,7,0,976,0,106
9123,6,15,0,14,0,573,0,7,1,9,740,1,1,902,0,114
9124,2,18,0,29,0,577,0,8,1,15,730,1,1,940,0,79
9125,7,13,0,31,0,588,0,1,1,9,740,11,1,911,0,79
9126,5,22,0,17,2,651,0,6,1,15,820,4,2,978,0,96
9127,4,20,0,22,3,665,0,1,1,21,819,2,1,985,0,80
9128,4,13,0,7,0,577,0,4,1,7,727,3,1,859,0,111
9129,1,9,0,13,0,504,0,6,1,7,621,3,0,772,0,78
9131,5,10,0,20,0,541,0,6,1,8,661,3,0,806,1,67
9132,6,8,0,15,2,603,0,4,1,8,701,0,2,898,0,53
9133,6,21,0,17,0,732,0,8,1,15,888,2,0,1083,0,87
9134,3,34,0,20,1,612,0,2,1,7,767,0,0,937,0,88
9135,5,12,0,18,0,474,0,6,1,7,652,3,2,831,0,125
9136,8,14,0,20,0,649,0,2,1,8,788,1,1,952,0,85
9137,3,13,0,28,0,621,0,2,1,11,785,3,0,977,0,104
9138,4,15,0,16,0,600,0,6,1,18,771,4,0,930,0,108
9139,1,25,0,28,0,604,0,3,1,15,831,2,0,1004,0,153
9141,9,16,0,25,1,590,0,1,1,18,794,7,2,963,0,125
9142,2,12,0,18,0,708,0,3,1,12,843,4,0,1003,0,84
9143,3,15,0,18,1,572,0,6,1,19,747,3,1,921,0,109
9144,6,20,0,16,1,657,0,5,1,15,832,4,0,983,0,108
9145,5,23,0,17,0,616,0,8,1,4,753,3,1,889,0,76
9146,4,9,0,33,1,661,0,9,1,8,799,1,0,929,0,73
9147,7,22,0,25,0,679,0,3,1,11,818,7,2,983,0,62
9148,7,16,0,26,1,744,0,6,1,7,869,5,1,1007,0,56
9149,5,20,0,19,0,706,0,8,1,11,842,4,0,976,0,69
9151,6,18,0,12,2,580,0,8,1,7,704,2,2,858,0,67
9152,1,12,0,16,0,543,0,5,1,3,636,0,0,842,3,53
9201,12,39,0,30,5,739,0,8,1,6,893,3,1,1047,0,50
9202,3,33,0,12,0,693,0,10,1,4,806,0,1,962,0,50
9203,2,44,0,9,5,615,0,12,1,21,857,1,2,1006,0,146
9204,2,28,0,5,1,546,0,14,1,15,733,2,0,849,0,120
9205,3,29,0,12,0,535,0,6,1,8,652,0,0,760,0,59
9206,0,38,0,7,1,582,0,21,1,21,822,1,0,960,0,151
9207,4,36,0,12,3,634,0,12,1,16,845,0,1,980,0,127
9208,0,46,0,3,9,706,0,13,1,13,897,2,0,1028,0,105
9209,3,23,0,3,2,506,0,13,1,14,646,1,1,750,0,80
9211,3,41,0,10,1,612,0,9,1,10,778,1,0,910,0,91
9212,3,39,0,7,0,609,0,10,1,13,746,0,0,857,0,65
9213,2,43,0,14,2,686,0,9,1,11,853,1,1,987,0,84
9214,2,19,0,4,2,411,0,5,1,9,539,3,0,632,0,84
9215,3,29,0,8,2,437,0,9,1,11,566,1,0,645,0,66
9216,1,39,0,8,1,566,0,17,1,9,726,1,0,861,0,84
9217,3,29,0,6,0,526,0,6,1,10,662,1,0,761,0,81
9218,1,27,0,9,3,581,0,10,1,15,730,1,2,868,0,81
9219,0,30,0,4,1,590,0,9,1,12,719,0,0,829,0,73
9221,1,30,0,7,0,481,0,12,1,16,637,1,1,662,0,88
9222,0,21,0,2,1,653,0,9,1,21,811,1,1,889,0,102
9223,3,28,0,5,0,453,0,8,1,4,573,0,0,664,0,72
9224,2,37,0,8,0,653,0,14,1,12,863,2,0,993,0,135
9225,2,41,0,11,1,769,1,11,1,7,926,1,0,994,0,82
9226,2,37,0,13,2,664,0,14,1,6,833,2,0,960,0,93
9227,2,30,0,7,0,511,0,13,1,10,665,1,2,759,0,89
9228,4,17,0,11,3,478,1,12,1,17,651,0,0,725,0,108
9229,1,25,0,12,1,455,0,2,1,2,555,1,0,615,0,56
9231,4,35,0,10,1,751,0,7,1,8,869,2,1,1006,0,50
9232,1,15,0,16,1,557,0,15,1,5,695,1,0,746,0,84
9233,0,29,0,1,2,608,0,9,1,16,736,2,1,816,0,68
9234,2,19,0,11,0,532,0,12,1,18,664,2,0,759,0,68
9235,2,42,0,6,2,651,0,14,1,14,818,2,0,907,0,85
9236,4,18,0,5,1,502,0,9,1,10,600,0,1,682,0,50
9237,1,37,0,5,4,691,0,14,1,9,824,1,0,941,0,62
9238,1,34,0,13,1,629,0,12,1,10,809,0,0,846,0,109
9239,2,28,0,7,0,678,0,8,1,10,838,0,0,885,0,105
9241,1,49,0,9,3,748,0,4,1,12,894,1,1,1027,0,66
9242,2,31,0,20,7,730,0,14,1,13,885,2,1,1023,0,65
9243,3,14,0,5,2,476,0,6,1,4,555,0,1,611,0,44
9244,1,24,0,6,1,713,0,3,1,15,824,1,0,940,0,60
9245,1,29,0,9,0,534,0,8,1,6,627,1,0,725,0,39
9246,2,32,0,10,1,714,0,9,1,18,842,0,1,964,0,55
9247,2,29,0,9,1,755,0,7,1,3,885,1,0,1004,0,78
9248,1,18,0,15,1,723,0,12,1,7,846,0,0,955,0,69
9249,3,33,0,14,0,673,0,8,1,8,807,2,1,926,0,65
9251,1,30,0,17,2,730,0,20,1,11,871,1,0,982,0,59
9252,7,31,0,20,1,665,0,9,1,13,837,3,2,943,0,86
9253,5,19,0,11,1,558,0,6,1,9,709,3,2,808,0,95
9254,2,34,0,14,0,753,0,3,1,10,871,3,0,951,0,52
9255,0,18,0,7,0,441,0,3,1,12,518,1,0,577,0,36
9256,1,13,0,2,0,304,0,6,1,4,342,2,0,403,0,10
9257,0,9,0,9,1,254,0,1,1,0,287,2,0,339,0,11
9258,4,9,0,10,0,540,0,1,1,14,645,2,0,715,1,64
9401,8,23,0,25,0,657,0,8,1,11,815,9,0,1014,0,74
9402,5,13,0,30,0,647,0,1,1,9,816,4,0,1028,0,107
9403,6,10,0,22,0,586,0,3,1,17,739,5,0,933,0,90
9404,6,17,0,18,0,600,0,5,1,16,744,1,0,921,0,81
9405,1,14,0,14,0,548,0,7,1,11,699,5,1,818,0,98
9406,2,12,0,22,1,627,0,9,1,11,791,4,2,916,0,101
9407,3,16,0,24,0,595,0,2,1,10,728,4,0,941,0,74
9408,2,19,0,31,1,578,0,2,1,9,704,4,1,879,0,57
9409,6,12,0,17,3,435,0,1,1,11,524,3,0,626,0,36
9411,5,18,0,39,0,701,0,7,1,5,840,1,0,1051,0,64
9412,6,22,0,26,0,536,0,6,1,14,703,3,1,885,0,89
9413,2,24,0,14,0,566,0,2,1,15,742,1,1,907,0,117
9414,1,19,0,13,0,599,0,7,1,17,740,3,1,894,0,80
9415,2,20,0,12,3,488,0,4,1,11,637,2,1,798,0,94
9416,12,25,0,23,0,635,0,7,1,10,806,2,0,1018,0,92
9417,8,10,0,20,1,426,0,7,1,16,604,4,2,759,0,110
9418,0,15,0,16,3,458,0,7,1,16,642,1,1,814,0,125
9419,3,20,0,23,0,499,0,3,1,17,708,1,0,902,0,142
9421,4,21,0,22,0,530,0,4,1,28,732,3,0,929,0,120
9422,8,28,0,26,3,650,0,4,1,17,887,3,0,1082,0,148
9423,8,21,0,25,0,542,0,2,1,13,718,11,1,909,0,95
9424,5,19,0,25,0,570,0,6,1,14,756,4,1,951,0,112
9425,4,4,0,22,2,574,0,7,1,6,748,3,1,964,0,125
9426,2,17,0,10,1,491,0,5,1,19,663,1,0,835,0,117
9427,5,9,0,11,0,547,0,5,1,20,733,0,2,963,0,134
9428,2,16,0,21,1,555,0,11,1,17,754,8,0,963,0,123
9429,4,9,0,13,0,514,0,3,1,11,707,5,0,909,0,148
9431,5,19,0,20,0,622,0,4,1,19,821,5,1,1024,0,126
9432,5,9,0,29,0,517,0,8,1,24,718,5,1,913,0,120
9433,3,21,0,15,0,563,0,2,1,14,759,5,1,973,0,135
9434,7,18,0,18,4,619,0,2,1,11,803,5,2,997,0,117
9435,5,14,0,13,0,577,0,8,1,22,765,4,1,969,0,121
9436,8,18,0,16,1,571,0,4,1,19,783,5,3,994,0,138
9437,4,20,0,10,1,529,0,1,1,14,713,1,2,954,0,131
9438,4,14,0,28,1,583,0,1,1,17,791,3,1,1000,0,139
9439,7,15,0,10,2,522,0,5,1,14,690,0,2,903,0,113
9441,7,17,0,21,1,626,0,7,1,17,800,4,1,1004,0,99
9442,1,19,0,16,0,612,0,2,1,16,809,6,1,1027,0,136
9443,7,16,0,27,1,569,0,6,1,14,748,8,2,937,0,98
9444,2,21,0,19,1,526,0,3,1,16,720,4,0,955,0,128
9445,3,23,0,23,3,550,0,3,1,18,751,1,0,993,0,127
9446,16,17,0,15,0,698,0,8,1,24,912,1,0,1084,0,133
9447,5,14,0,17,1,606,0,8,1,15,761,1,1,954,0,93
9448,3,13,0,15,1,551,0,3,1,17,728,1,1,950,0,123
9449,3,20,0,20,0,479,0,3,1,16,639,3,1,820,0,94
9451,6,2,0,2,0,263,0,1,1,9,370,1,0,438,0,86
9452,3,16,0,18,2,523,0,5,1,13,701,5,1,829,0,115
9453,0,7,0,13,1,307,0,4,1,5,415,1,0,502,0,77
9501,0,7,0,3,0,110,0,3,1,1,131,1,0,153,3,3
9502,1,4,0,3,0,192,0,0,1,1,209,0,1,233,0,7
9503,2,20,0,8,1,589,0,8,1,7,674,3,1,822,0,35
9505,1,15,0,12,0,552,0,0,1,3,617,1,4,804,0,29
9506,1,14,0,14,0,537,0,1,1,5,602,5,1,810,0,24
9507,6,11,0,13,2,586,0,2,1,2,638,3,0,783,0,13
9508,2,15,0,26,1,654,0,1,1,2,720,3,0,862,0,16
9509,0,12,0,21,0,594,0,3,1,3,661,1,1,758,0,26
9511,1,15,0,16,0,458,0,2,1,2,529,2,2,630,0,31
9512,6,12,0,17,2,645,0,0,1,4,709,2,1,848,0,20
9513,2,10,0,20,0,694,0,7,1,5,766,3,0,952,0,25
9514,4,24,0,26,0,740,0,5,1,6,832,2,0,959,0,25
9515,2,10,0,25,0,549,0,6,1,7,646,4,0,748,0,43
9516,5,12,0,23,1,626,0,5,1,6,763,2,0,922,0,83
9517,1,8,0,26,0,620,0,5,1,7,713,1,1,854,0,44
9518,9,11,0,12,1,631,0,5,1,6,707,0,0,826,0,32
9519,4,16,0,20,0,697,0,4,1,7,790,0,0,922,0,42
9521,8,11,0,28,1,734,0,5,1,7,827,3,0,947,1,29
9701,3,11,0,16,0,476,0,1,1,5,571,1,1,664,0,57
9702,1,10,0,13,1,546,0,3,1,11,640,9,0,760,0,46
9703,5,16,0,18,4,617,0,5,1,14,818,2,1,989,0,136
9704,2,22,0,17,1,706,0,3,1,9,836,3,0,971,0,73
9705,4,17,0,21,1,710,0,7,1,5,836,1,1,954,0,69
9706,0,2,0,3,0,48,0,0,1,1,54,0,0,54,0,0
9707,0,17,0,11,0,513,0,7,1,12,679,2,0,805,0,117
9708,4,20,0,17,3,707,0,6,1,9,829,0,0,956,0,63
9709,6,20,0,22,2,645,0,7,1,26,848,4,4,1029,0,112
9711,2,17,0,18,0,448,0,4,1,10,572,1,0,643,0,72
9712,3,10,0,14,0,475,0,7,1,11,593,3,1,656,0,69
9713,3,18,0,20,1,585,0,7,1,19,782,2,0,974,0,127
9714,5,27,0,13,0,621,0,10,1,10,825,0,0,941,0,139
9715,1,9,0,6,0,414,0,3,1,11,521,0,0,580,0,77
9716,3,13,0,34,2,601,0,9,1,17,791,2,1,975,0,109
9717,4,22,0,23,3,636,0,4,1,17,837,2,1,993,0,125
9718,3,25,0,17,2,572,0,7,1,14,755,4,0,859,0,111
9719,3,31,0,12,1,584,0,9,1,9,755,6,0,880,0,100
9721,4,14,0,5,1,459,0,5,1,8,575,0,1,657,0,78
9722,6,9,0,11,0,401,0,3,1,9,543,0,2,634,0,102
9723,2,12,0,6,0,263,0,7,1,10,396,0,0,478,0,96
9724,1,17,0,14,0,578,0,8,1,20,824,4,2,978,0,180
9725,0,21,0,12,0,561,0,5,1,19,783,3,0,985,0,162
9726,1,10,0,22,1,463,0,2,1,7,606,4,2,782,0,94
9727,1,7,0,3,0,267,0,4,1,10,396,1,1,454,0,102
9728,5,22,0,10,4,541,0,5,1,19,805,2,0,937,0,197
9729,2,24,0,11,2,515,0,5,1,17,708,2,0,802,0,130
9731,4,10,0,4,4,361,0,9,1,6,485,1,0,548,0,86
9732,0,4,0,0,0,59,0,0,1,0,71,0,1,76,0,7
9733,0,2,0,1,0,178,0,1,1,1,204,0,0,221,0,21
9734,3,14,0,5,1,394,0,6,1,9,535,1,0,603,0,102
9735,3,21,0,11,3,526,0,15,1,10,699,1,1,807,0,108
9736,4,15,0,23,1,521,0,3,1,4,651,1,0,729,0,79
9737,6,14,0,9,0,596,0,5,1,11,715,0,0,782,0,74
9738,6,19,0,23,1,482,0,8,1,15,680,3,1,850,0,122
9739,3,9,0,32,0,541,0,1,1,14,681,4,1,912,0,76
9741,3,11,0,12,0,610,0,2,1,2,679,2,0,1064,0,37
9742,0,11,0,4,0,391,0,6,1,16,530,0,0,669,0,102
9743,6,21,0,36,0,734,0,6,1,6,907,3,1,1159,0,94
9744,6,11,0,28,0,572,0,9,1,12,763,5,0,968,0,120
9745,6,23,0,35,0,565,0,11,1,5,762,8,2,1052,0,107
9746,3,9,0,17,0,574,0,5,1,13,783,2,0,903,0,160
9747,5,9,0,16,1,629,0,7,1,15,797,2,1,989,0,112
9748,5,28,0,21,0,608,0,4,1,21,809,2,0,981,0,120
9749,4,13,0,25,1,552,0,4,1,8,686,6,2,969,0,71
9751,4,26,0,22,1,687,0,12,1,18,908,4,0,1011,0,134
9752,3,11,0,12,2,505,0,2,1,4,626,1,0,721,0,86
9753,2,12,0,11,0,524,0,6,1,9,636,3,4,777,0,65
9754,3,14,0,10,0,544,0,2,1,10,648,4,0,744,0,61
9755,4,16,0,15,0,390,0,2,1,9,492,4,0,605,0,52
9756,4,28,0,10,0,612,0,2,1,14,784,3,1,980,0,110
9801,3,10,0,5,1,255,0,4,1,6,339,5,0,434,0,50
9900,0,0,0,0,0,0,0,0,1,0,0,0,0,0,0,0
9901,0,0,0,0,0,0,0,0,1,0,0,0,0,0,0,0
9902,0,0,0,0,0,0,0,0,1,0,0,0,0,0,0,0
